207;76;131;1;65
196;95;101;1;104
205;112;93;1;104
197;123;74;1;130
204;99;105;1;91
105;105;0;0;0
0;67;-67;0;0
24;102;-78;1;273
195;122;73;1;130
203;100;103;1;104
207;119;88;1;117
205;73;132;1;65
132;142;-10;0;0
-10;120;-130;0;0
-65;93;-158;1;364
206;72;134;1;65
199;141;58;1;143
201;91;110;1;91
201;91;110;1;91
110;48;62;0;0
62;100;-38;0;0
53;106;-53;1;260
207;93;114;1;91
205;81;124;1;78
202;110;92;1;104
196;95;101;1;104
101;87;14;0;0
14;93;-79;0;0
25;87;-62;1;260
198;83;115;1;91
206;84;122;1;78
200;69;131;1;65
196;77;119;1;78
119;116;3;0;0
3;96;-93;0;0
-15;127;-142;1;338
196;86;110;1;91
201;125;76;1;130
206;102;104;1;91
195;87;108;1;91
108;90;18;0;0
18;90;-72;0;0
19;83;-64;1;260
196;79;117;1;78
195;105;90;1;117
207;142;65;1;130
195;102;93;1;104
93;124;-31;0;0
-31;122;-153;0;0
-49;79;-128;1;325
197;80;117;1;78
195;81;114;1;91
205;111;94;1;104
198;117;81;1;117
81;144;-63;0;0
-63;90;-153;0;0
-36;166;-202;1;403
201;133;68;1;130
198;81;117;1;78
195;122;73;1;130
203;88;115;1;91
115;105;10;0;0
10;85;-75;0;0
16;103;-87;1;286
199;107;92;1;104
196;131;65;1;130
195;129;66;1;130
196;118;78;1;117
78;108;-30;0;0
-30;116;-146;0;0
-29;89;-118;1;325
207;74;133;1;65
198;105;93;1;104
197;81;116;1;91
207;109;98;1;104
98;102;-4;0;0
-4;119;-123;0;0
-19;111;-130;1;325
195;106;89;1;117
206;86;120;1;78
198;148;50;1;156
206;128;78;1;117
78;114;-36;0;0
-36;134;-170;0;0
-53;114;-167;1;364
197;91;106;1;91
197;92;105;1;91
196;120;76;1;130
206;147;59;1;143
59;90;-31;0;0
-31;140;-171;0;0
-28;93;-121;1;325
204;122;82;1;117
199;113;86;1;117
203;102;101;1;104
205;54;151;1;52
151;127;24;0;0
24;91;-67;0;0
-15;131;-146;1;351
205;70;135;1;65
200;93;107;1;91
198;113;85;1;117
202;108;94;1;104
94;108;-14;0;0
-14;120;-134;0;0
-30;114;-144;1;351
207;87;120;1;78
198;100;98;1;104
202;91;111;1;91
202;106;96;1;104
96;99;-3;0;0
-3;89;-92;0;0
12;137;-125;1;325
200;94;106;1;91
197;139;58;1;143
201;95;106;1;91
197;93;104;1;91
104;94;10;0;0
10;138;-128;0;0
-37;71;-108;1;312
204;140;64;1;143
207;111;96;1;104
200;123;77;1;130
207;107;100;1;104
100;87;13;0;0
13;80;-67;0;0
37;79;-42;1;247
205;110;95;1;104
199;129;70;1;130
200;53;147;1;52
199;58;141;1;65
141;115;26;0;0
26;112;-86;0;0
-21;103;-124;1;325
201;97;104;1;91
195;81;114;1;91
205;118;87;1;117
204;68;136;1;65
136;104;32;0;0
32;103;-71;0;0
-6;80;-86;1;286
200;103;97;1;104
201;70;131;1;65
196;107;89;1;117
206;102;104;1;91
104;94;10;0;0
10;132;-122;0;0
-31;80;-111;1;312
201;102;99;1;104
203;78;125;1;78
203;95;108;1;91
199;109;90;1;117
90;132;-42;0;0
-42;137;-179;0;0
-62;115;-177;1;377
200;104;96;1;104
200;97;103;1;104
207;81;126;1;78
204;77;127;1;78
127;123;4;0;0
4;72;-68;0;0
10;115;-105;1;312
207;121;86;1;117
203;78;125;1;78
203;114;89;1;117
206;131;75;1;130
75;77;-2;0;0
-2;80;-82;0;0
48;113;-65;1;260
195;112;83;1;117
200;87;113;1;91
204;103;101;1;104
205;85;120;1;78
120;110;10;0;0
10;108;-98;0;0
-20;147;-167;1;364
197;107;90;1;117
207;75;132;1;65
197;87;110;1;91
201;83;118;1;78
118;115;3;0;0
3;96;-93;0;0
-15;103;-118;1;325
207;85;122;1;78
200;124;76;1;130
206;84;122;1;78
200;136;64;1;143
64;102;-38;0;0
-38;80;-118;0;0
25;75;-50;1;247
197;135;62;1;143
205;142;63;1;143
206;71;135;1;65
200;85;115;1;91
115;90;25;0;0
25;121;-96;0;0
-5;110;-115;1;312
197;99;98;1;104
202;97;105;1;91
196;95;101;1;104
205;106;99;1;104
99;100;-1;0;0
-1;65;-66;0;0
38;120;-82;1;286
204;78;126;1;78
204;67;137;1;65
202;100;102;1;104
206;118;88;1;117
88;104;-16;0;0
-16;82;-98;0;0
19;96;-77;1;273
196;112;84;1;117
201;109;92;1;104
196;127;69;1;130
199;125;74;1;130
74;66;8;0;0
8;107;-99;0;0
31;140;-109;1;312
203;42;161;1;39
200;64;136;1;65
201;100;101;1;104
205;107;98;1;104
98;147;-49;0;0
-49;136;-185;0;0
-81;72;-153;1;351
198;106;92;1;104
196;126;70;1;130
200;94;106;1;91
197;146;51;1;156
51;87;-36;0;0
-36;106;-142;0;0
14;118;-104;1;299
195;121;74;1;130
204;110;94;1;104
198;61;137;1;65
202;137;65;1;130
65;93;-28;0;0
-28;96;-124;0;0
6;107;-101;1;299
198;96;102;1;104
206;109;97;1;104
201;125;76;1;130
206;90;116;1;91
116;110;6;0;0
6;80;-74;0;0
17;131;-114;1;312
198;94;104;1;91
195;75;120;1;78
198;114;84;1;117
201;85;116;1;91
116;99;17;0;0
17;84;-67;0;0
24;111;-87;1;286
199;118;81;1;117
198;127;71;1;130
201;65;136;1;65
201;100;101;1;104
101;76;25;0;0
25;139;-114;0;0
-10;79;-89;1;286
197;92;105;1;91
196;109;87;1;117
204;102;102;1;104
206;92;114;1;91
114;103;11;0;0
11;101;-90;0;0
1;105;-104;1;299
195;156;39;1;156
195;108;87;1;117
204;92;112;1;91
203;70;133;1;65
133;103;30;0;0
30;72;-42;0;0
23;49;-26;1;221
195;111;84;1;117
201;130;71;1;130
201;95;106;1;91
197;108;89;1;117
89;106;-17;0;0
-17;75;-92;0;0
25;109;-84;1;286
202;133;69;1;130
199;114;85;1;117
202;138;64;1;143
207;68;139;1;65
139;93;46;0;0
46;129;-83;0;0
-18;113;-131;1;338
207;106;101;1;104
205;143;62;1;143
205;134;71;1;130
201;136;65;1;130
65;79;-14;0;0
-14;107;-121;0;0
9;113;-104;1;299
195;95;100;1;104
204;98;106;1;91
197;108;89;1;117
206;89;117;1;78
117;124;-7;0;0
-7;119;-126;0;0
-48;99;-147;1;351
204;102;102;1;104
206;108;98;1;104
202;93;109;1;91
200;114;86;1;117
86;141;-55;0;0
-55;110;-165;0;0
-48;82;-130;1;325
195;101;94;1;104
198;111;87;1;117
204;114;90;1;117
207;77;130;1;65
130;89;41;0;0
41;96;-55;0;0
10;103;-93;1;299
206;70;136;1;65
201;95;106;1;91
197;75;122;1;78
200;91;109;1;91
109;86;23;0;0
23;70;-47;0;0
44;147;-103;1;299
196;90;106;1;91
197;135;62;1;143
205;102;103;1;104
207;62;145;1;52
145;107;38;0;0
38;118;-80;0;0
-28;85;-113;1;312
199;124;75;1;130
205;87;118;1;78
196;77;119;1;78
197;138;59;1;143
59;88;-29;0;0
-29;85;-114;0;0
29;103;-74;1;273
199;81;118;1;78
196;107;89;1;117
206;100;106;1;91
197;141;56;1;143
56;71;-15;0;0
-15;113;-128;0;0
15;101;-86;1;286
200;79;121;1;78
199;87;112;1;91
203;124;79;1;117
196;72;124;1;78
124;89;35;0;0
35;124;-89;0;0
-11;114;-125;1;325
200;126;74;1;130
204;108;96;1;104
200;101;99;1;104
203;84;119;1;78
119;135;-16;0;0
-16;93;-109;0;0
-31;82;-113;1;312
199;113;86;1;117
203;106;97;1;104
201;107;94;1;104
198;38;160;1;39
160;111;49;0;0
49;113;-64;0;0
-25;103;-128;1;325
197;132;65;1;130
195;86;109;1;91
200;96;104;1;91
195;100;95;1;104
95;90;5;0;0
5;119;-114;0;0
-10;80;-90;1;286
196;108;88;1;117
205;82;123;1;78
201;100;101;1;104
205;116;89;1;117
89;134;-45;0;0
-45;158;-203;0;0
-86;56;-142;1;338
196;87;109;1;91
200;101;99;1;104
203;108;95;1;104
199;83;116;1;91
116;112;4;0;0
4;86;-82;0;0
9;68;-59;1;260
201;64;137;1;65
202;117;85;1;117
202;116;86;1;117
203;103;100;1;104
100;103;-3;0;0
-3;69;-72;0;0
32;118;-86;1;286
200;133;67;1;130
197;56;141;1;65
206;101;105;1;91
196;100;96;1;104
96;139;-43;0;0
-43;97;-140;0;0
-36;129;-165;1;364
199;93;106;1;91
197;166;31;1;169
200;99;101;1;104
205;47;158;1;39
158;125;33;0;0
33;88;-55;0;0
-16;127;-143;1;338
195;70;125;1;78
203;107;96;1;104
200;92;108;1;91
199;78;121;1;78
121;86;35;0;0
35;69;-34;0;0
44;124;-80;1;286
206;97;109;1;91
200;147;53;1;143
196;123;73;1;130
203;70;133;1;65
133;118;15;0;0
15;108;-93;0;0
-28;81;-109;1;312
203;108;95;1;104
199;117;82;1;117
199;117;82;1;117
199;88;111;1;91
111;102;9;0;0
9;130;-121;0;0
-30;107;-137;1;338
201;97;104;1;91
195;117;78;1;117
195;93;102;1;104
206;99;107;1;91
107;87;20;0;0
20;68;-48;0;0
43;90;-47;1;247
200;133;67;1;130
197;102;95;1;104
199;101;98;1;104
202;118;84;1;117
84;115;-31;0;0
-31;143;-174;0;0
-57;130;-187;1;390
203;61;142;1;65
207;93;114;1;91
205;84;121;1;78
199;88;111;1;91
111;97;14;0;0
14;109;-95;0;0
-4;72;-76;1;273
197;92;105;1;91
196;66;130;1;65
195;110;85;1;117
202;84;118;1;78
118;105;13;0;0
13;106;-93;0;0
-15;96;-111;1;312
201;105;96;1;104
200;80;120;1;78
198;65;133;1;65
198;95;103;1;104
103;101;2;0;0
2;151;-149;0;0
-45;118;-163;1;364
201;81;120;1;78
198;106;92;1;104
196;67;129;1;78
207;114;93;1;104
93;83;10;0;0
10;92;-82;0;0
22;103;-81;1;286
205;101;104;1;91
195;115;80;1;117
197;132;65;1;130
195;85;110;1;91
110;131;-21;0;0
-21;98;-119;0;0
-28;110;-138;1;338
200;80;120;1;78
198;89;109;1;91
200;91;109;1;91
200;69;131;1;65
131;51;80;0;0
80;46;34;0;0
99;111;-12;1;208
196;81;115;1;91
206;82;124;1;78
202;69;133;1;65
198;76;122;1;78
122;97;25;0;0
25;113;-88;0;0
-10;97;-107;1;312
205;97;108;1;91
199;115;84;1;117
201;88;113;1;91
204;116;88;1;117
88;87;1;0;0
1;71;-70;0;0
47;124;-77;1;273
196;113;83;1;117
200;77;123;1;78
201;126;75;1;130
205;96;109;1;91
109;106;3;0;0
3;117;-114;0;0
-23;81;-104;1;299
195;125;70;1;130
200;116;84;1;117
201;70;131;1;65
196;53;143;1;52
143;121;22;0;0
22;85;-63;0;0
-11;44;-55;1;260
205;101;104;1;91
195;109;86;1;117
203;75;128;1;78
206;99;107;1;91
107;96;11;0;0
11;84;-73;0;0
18;100;-82;1;286
204;93;111;1;91
202;101;101;1;104
205;70;135;1;65
200;82;118;1;78
118;107;11;0;0
11;101;-90;0;0
-12;109;-121;1;325
204;86;118;1;78
196;121;75;1;130
205;92;113;1;91
204;89;115;1;91
115;151;-36;0;0
-36;106;-142;0;0
-51;86;-137;1;338
201;79;122;1;78
200;98;102;1;104
206;44;162;1;39
201;129;72;1;130
72;125;-53;0;0
-53;96;-149;0;0
-19;138;-157;1;364
207;89;118;1;78
196;100;96;1;104
200;68;132;1;65
197;114;83;1;117
83;83;0;0;0
0;112;-112;0;0
5;123;-118;1;325
207;113;94;1;104
198;50;148;1;52
200;106;94;1;104
198;110;88;1;117
88;84;4;0;0
4;53;-49;0;0
68;136;-68;1;273
205;93;112;1;91
203;127;76;1;130
206;95;111;1;91
202;109;93;1;104
93;116;-23;0;0
-23;109;-132;0;0
-28;108;-136;1;338
202;89;113;1;91
204;91;113;1;91
204;124;80;1;117
197;80;117;1;78
117;144;-27;0;0
-27;93;-120;0;0
-42;99;-141;1;338
197;115;82;1;117
199;105;94;1;104
198;100;98;1;104
202;100;102;1;104
102;87;15;0;0
15;101;-86;0;0
18;102;-84;1;286
202;164;38;1;169
207;115;92;1;104
196;101;95;1;104
199;105;94;1;104
94;110;-16;0;0
-16;85;-101;0;0
3;102;-99;1;299
200;105;95;1;104
199;112;87;1;117
204;129;75;1;130
205;79;126;1;78
126;76;50;0;0
50;90;-40;0;0
38;117;-79;1;286
207;109;98;1;104
202;85;117;1;78
195;94;101;1;104
205;75;130;1;65
130;115;15;0;0
15;129;-114;0;0
-49;79;-128;1;325
197;101;96;1;104
200;71;129;1;78
207;88;119;1;78
197;117;80;1;117
80;78;2;0;0
2;81;-79;0;0
38;139;-101;1;299
198;87;111;1;91
202;73;129;1;78
207;103;104;1;91
195;100;95;1;104
95;120;-25;0;0
-25;75;-100;0;0
4;123;-119;1;325
206;95;111;1;91
202;79;123;1;78
201;94;107;1;91
198;124;74;1;130
74;89;-15;0;0
-15;82;-97;0;0
33;109;-76;1;273
197;107;90;1;117
207;127;80;1;117
197;83;114;1;91
205;124;81;1;117
81;110;-29;0;0
-29;74;-103;0;0
14;112;-98;1;299
201;98;103;1;104
207;114;93;1;104
197;96;101;1;104
205;70;135;1;65
135;85;50;0;0
50;126;-76;0;0
-11;43;-54;1;260
206;59;147;1;52
199;105;94;1;104
198;60;138;1;65
203;118;85;1;117
85;144;-59;0;0
-59;128;-187;0;0
-70;120;-190;1;390
200;94;106;1;91
197;122;75;1;130
205;125;80;1;117
197;99;98;1;104
98;127;-29;0;0
-29;56;-85;0;0
19;107;-88;1;286
198;85;113;1;91
204;118;86;1;117
203;125;78;1;117
195;78;117;1;78
117;132;-15;0;0
-15;100;-115;0;0
-37;118;-155;1;351
196;119;77;1;130
207;142;65;1;130
195;140;55;1;143
198;73;125;1;78
125;74;51;0;0
51;106;-55;0;0
23;114;-91;1;286
195;134;61;1;143
204;87;117;1;78
195;121;74;1;130
204;84;120;1;78
120;125;-5;0;0
-5;109;-114;0;0
-36;145;-181;1;377
196;120;76;1;130
206;101;105;1;91
196;88;108;1;91
199;80;119;1;78
119;117;2;0;0
2;43;-41;0;0
37;86;-49;1;247
198;74;124;1;78
202;131;71;1;130
201;118;83;1;117
200;104;96;1;104
96;114;-18;0;0
-18;114;-132;0;0
-28;104;-132;1;338
206;87;119;1;78
197;97;100;1;104
204;121;83;1;117
200;128;72;1;130
72;88;-16;0;0
-16;109;-125;0;0
5;116;-111;1;312
201;119;82;1;117
199;39;160;1;39
199;128;71;1;130
201;128;73;1;130
73;116;-43;0;0
-43;76;-119;0;0
11;92;-81;1;286
205;42;163;1;39
202;116;86;1;117
203;86;117;1;78
195;112;83;1;117
83;84;-1;0;0
-1;76;-77;0;0
40;89;-49;1;247
198;103;95;1;104
199;109;90;1;117
207;110;97;1;104
201;67;134;1;65
134;83;51;0;0
51;113;-62;0;0
3;130;-127;1;325
198;80;118;1;78
196;95;101;1;104
205;82;123;1;78
201;83;118;1;78
118;10;108;0;0
108;136;-28;0;0
50;138;-88;1;286
198;61;137;1;65
202;103;99;1;104
203;92;111;1;91
202;89;113;1;91
113;90;23;0;0
23;85;-62;0;0
29;66;-37;1;234
197;85;112;1;91
203;88;115;1;91
206;122;84;1;117
201;101;100;1;104
100;101;-1;0;0
-1;125;-126;0;0
-22;58;-80;1;286
206;85;121;1;78
199;96;103;1;104
207;77;130;1;65
195;121;74;1;130
74;136;-62;0;0
-62;107;-169;0;0
-39;121;-160;1;364
204;100;104;1;91
195;121;74;1;130
204;86;118;1;78
196;93;103;1;104
103;98;5;0;0
5;122;-117;0;0
-13;68;-81;1;286
205;92;113;1;91
204;70;134;1;65
199;59;140;1;65
205;75;130;1;65
130;96;34;0;0
34;121;-87;0;0
-22;138;-160;1;364
204;48;156;1;39
195;117;78;1;117
195;114;81;1;117
198;127;71;1;130
71;111;-40;0;0
-40;83;-123;0;0
7;65;-58;1;260
202;94;108;1;91
199;93;106;1;91
197;96;101;1;104
205;74;131;1;65
131;81;50;0;0
50;59;-9;0;0
56;93;-37;1;234
197;124;73;1;130
203;144;59;1;143
202;97;105;1;91
196;54;142;1;65
142;113;29;0;0
29;95;-66;0;0
-1;105;-106;1;312
206;121;85;1;117
202;85;117;1;78
195;98;97;1;104
201;147;54;1;143
54;55;-1;0;0
-1;137;-138;0;0
5;95;-90;1;286
196;96;100;1;104
204;99;105;1;91
196;111;85;1;117
202;104;98;1;104
98;125;-27;0;0
-27;91;-118;0;0
-14;102;-116;1;312
196;93;103;1;104
207;88;119;1;78
197;114;83;1;117
200;104;96;1;104
96;142;-46;0;0
-46;100;-146;0;0
-42;140;-182;1;377
195;122;73;1;130
203;80;123;1;78
201;99;102;1;104
206;67;139;1;65
139;119;20;0;0
20;118;-98;0;0
-33;121;-154;1;351
197;129;68;1;130
198;128;70;1;130
200;71;129;1;78
207;69;138;1;65
138;99;39;0;0
39;130;-91;0;0
-26;123;-149;1;351
202;115;87;1;117
204;126;78;1;117
195;84;111;1;91
202;73;129;1;78
129;74;55;0;0
55;43;12;0;0
90;66;24;1;182
206;85;121;1;78
199;86;113;1;91
204;109;95;1;104
199;133;66;1;130
66;86;-20;0;0
-20;72;-92;0;0
38;88;-50;1;247
197;112;85;1;117
202;118;84;1;117
201;88;113;1;91
204;99;105;1;91
105;90;15;0;0
15;87;-72;0;0
19;107;-88;1;286
198;97;101;1;104
205;81;124;1;78
202;118;84;1;117
201;104;97;1;104
97;128;-31;0;0
-31;80;-111;0;0
-7;89;-96;1;299
203;113;90;1;117
207;134;73;1;130
203;95;108;1;91
199;69;130;1;65
130;76;54;0;0
54;97;-43;0;0
22;84;-62;1;260
198;112;86;1;117
203;62;141;1;65
206;85;121;1;78
199;118;81;1;117
81;132;-51;0;0
-51;103;-154;0;0
-37;33;-70;1;273
203;122;81;1;117
198;98;100;1;104
204;89;115;1;91
206;54;152;1;52
152;77;75;0;0
75;100;-25;0;0
27;98;-71;1;273
202;95;107;1;91
198;89;109;1;91
200;110;90;1;117
207;91;116;1;91
116;95;21;0;0
21;125;-104;0;0
-13;94;-107;1;312
205;94;111;1;91
202;115;87;1;117
204;93;111;1;91
202;114;88;1;117
88;109;-21;0;0
-21;63;-84;0;0
33;160;-127;1;325
198;81;117;1;78
195;67;128;1;78
206;109;97;1;104
201;100;101;1;104
101;83;18;0;0
18;104;-86;0;0
18;68;-50;1;247
197;98;99;1;104
203;114;89;1;117
206;103;103;1;104
207;92;115;1;91
115;124;-9;0;0
-9;68;-77;0;0
14;103;-89;1;286
197;111;86;1;117
203;82;121;1;78
199;93;106;1;91
197;117;80;1;117
80;96;-16;0;0
-16;133;-149;0;0
-32;103;-135;1;338
203;118;85;1;117
202;103;99;1;104
203;108;95;1;104
199;94;105;1;91
105;115;-10;0;0
-10;77;-87;0;0
4;90;-86;1;286
200;118;82;1;117
199;61;138;1;65
203;75;128;1;78
206;78;128;1;78
128;94;34;0;0
34;131;-97;0;0
-19;125;-144;1;351
207;98;109;1;91
200;105;95;1;104
199;85;114;1;91
205;91;114;1;91
114;93;21;0;0
21;133;-112;0;0
-21;81;-102;1;299
197;56;141;1;65
206;79;127;1;78
205;110;95;1;104
199;94;105;1;91
105;112;-7;0;0
-7;127;-134;0;0
-43;97;-140;1;338
198;120;78;1;117
195;93;102;1;104
206;112;94;1;104
198;104;94;1;104
94;74;20;0;0
20;80;-60;0;0
44;66;-22;1;221
199;144;55;1;143
198;130;68;1;130
198;88;110;1;91
201;74;127;1;78
127;95;32;0;0
32;88;-56;0;0
22;98;-76;1;273
197;114;83;1;117
200;125;75;1;130
205;106;99;1;104
203;112;91;1;104
91;103;-12;0;0
-12;102;-114;0;0
-10;61;-71;1;273
202;82;120;1;78
198;88;110;1;91
201;112;89;1;117
206;122;84;1;117
84;107;-23;0;0
-23;74;-97;0;0
20;47;-27;1;234
207;64;143;1;52
195;107;88;1;117
205;104;101;1;104
205;71;134;1;65
134;112;22;0;0
22;113;-91;0;0
-26;92;-118;1;325
207;125;82;1;117
199;106;93;1;104
197;100;97;1;104
201;89;112;1;91
112;92;20;0;0
20;82;-62;0;0
29;103;-74;1;273
199;71;128;1;78
206;111;95;1;104
199;74;125;1;78
203;82;121;1;78
121;108;13;0;0
13;74;-61;0;0
17;88;-71;1;273
202;108;94;1;104
198;74;124;1;78
202;88;114;1;91
205;113;92;1;104
92;124;-32;0;0
-32;81;-113;0;0
-9;120;-129;1;325
196;100;96;1;104
200;88;112;1;91
203;60;143;1;52
195;69;126;1;78
126;123;3;0;0
3;102;-99;0;0
-21;72;-93;1;299
206;115;91;1;104
195;131;64;1;143
207;110;97;1;104
201;98;103;1;104
103;95;8;0;0
8;96;-88;0;0
16;77;-61;1;260
199;59;140;1;65
205;67;138;1;65
203;117;86;1;117
203;99;104;1;91
104;130;-26;0;0
-26;92;-118;0;0
-27;94;-121;1;325
204;129;75;1;130
205;78;127;1;78
205;108;97;1;104
201;133;68;1;130
68;100;-32;0;0
-32;129;-161;0;0
-31;66;-97;1;299
202;128;74;1;130
204;107;97;1;104
201;137;64;1;143
207;66;141;1;65
141;159;-18;0;0
-18;102;-120;0;0
-55;60;-115;1;312
197;50;147;1;52
199;120;79;1;117
196;125;71;1;130
201;86;115;1;91
115;123;-8;0;0
-8;104;-112;0;0
-21;104;-125;1;325
200;104;96;1;104
200;126;74;1;130
204;48;156;1;39
195;99;96;1;104
96;111;-15;0;0
-15;88;-103;0;0
1;106;-105;1;312
207;133;74;1;130
204;91;113;1;91
204;77;127;1;78
205;95;110;1;91
110;107;3;0;0
3;138;-135;0;0
-44;119;-163;1;364
201;95;106;1;91
197;59;138;1;65
203;55;148;1;52
200;74;126;1;78
126;94;32;0;0
32;100;-68;0;0
10;101;-91;1;286
195;89;106;1;91
197;105;92;1;104
196;85;111;1;91
202;120;82;1;117
82;92;-10;0;0
-10;73;-83;0;0
34;85;-51;1;247
196;77;119;1;78
197;75;122;1;78
200;78;122;1;78
200;64;136;1;65
136;96;40;0;0
40;90;-50;0;0
15;87;-72;1;273
201;113;88;1;117
205;93;112;1;91
203;68;135;1;65
200;136;64;1;143
64;100;-36;0;0
-36;97;-133;0;0
10;86;-76;1;273
197;64;133;1;65
198;114;84;1;117
201;45;156;1;39
195;68;127;1;78
127;107;20;0;0
20;76;-56;0;0
22;89;-67;1;273
206;104;102;1;104
206;70;136;1;65
201;132;69;1;130
199;140;59;1;143
59;74;-15;0;0
-15;110;-125;0;0
18;121;-103;1;299
196;128;68;1;130
198;100;98;1;104
202;96;106;1;91
197;97;100;1;104
100;77;23;0;0
23;139;-116;0;0
-12;67;-79;1;286
207;125;82;1;117
199;135;64;1;143
207;75;132;1;65
197;96;101;1;104
101;74;27;0;0
27;116;-89;0;0
15;70;-55;1;260
205;87;118;1;78
196;123;73;1;130
203;122;81;1;117
198;87;111;1;91
111;107;4;0;0
4;78;-74;0;0
17;113;-96;1;299
203;78;125;1;78
203;149;54;1;143
197;139;58;1;143
201;82;119;1;78
119;112;7;0;0
7;128;-121;0;0
-43;97;-140;1;338
198;137;61;1;143
204;106;98;1;104
202;115;87;1;117
204;121;83;1;117
83;108;-25;0;0
-25;103;-128;0;0
-11;103;-114;1;312
198;106;92;1;104
196;88;108;1;91
199;92;107;1;91
198;89;109;1;91
109;77;32;0;0
32;84;-52;0;0
39;113;-74;1;273
199;95;104;1;91
195;111;84;1;117
201;127;74;1;130
204;94;110;1;91
110;55;55;0;0
55;69;-14;0;0
77;71;6;1;195
201;71;130;1;65
195;100;95;1;104
199;117;82;1;117
199;118;81;1;117
81;114;-33;0;0
-33;121;-154;0;0
-37;76;-113;1;312
199;127;72;1;130
202;115;87;1;117
204;111;93;1;104
197;70;127;1;78
127;90;37;0;0
37;73;-36;0;0
42;84;-42;1;247
205;86;119;1;78
197;88;109;1;91
200;91;109;1;91
200;106;94;1;104
94;97;-3;0;0
-3;112;-115;0;0
-11;92;-103;1;299
196;93;103;1;104
207;84;123;1;78
201;139;62;1;143
205;74;131;1;65
131;89;42;0;0
42;121;-79;0;0
-14;80;-94;1;299
205;98;107;1;91
198;110;88;1;117
205;85;120;1;78
198;100;98;1;104
98;127;-29;0;0
-29;102;-131;0;0
-27;110;-137;1;338
201;103;98;1;104
202;110;92;1;104
196;96;100;1;104
204;135;69;1;130
69;91;-22;0;0
-22;129;-151;0;0
-21;129;-150;1;351
201;109;92;1;104
196;102;94;1;104
198;121;77;1;130
207;141;66;1;130
66;127;-61;0;0
-61;108;-169;0;0
-39;86;-125;1;325
200;119;81;1;117
198;101;97;1;104
201;78;123;1;78
201;78;123;1;78
123;159;-36;0;0
-36;109;-145;0;0
-67;103;-170;1;377
207;89;118;1;78
196;81;115;1;91
206;92;114;1;91
205;127;78;1;117
78;96;-18;0;0
-18;118;-136;0;0
-19;93;-112;1;312
200;110;90;1;117
207;104;103;1;104
207;78;129;1;78
207;107;100;1;104
100;115;-15;0;0
-15;137;-152;0;0
-48;127;-175;1;377
202;87;115;1;91
206;62;144;1;52
196;62;134;1;65
199;117;82;1;117
82;84;-2;0;0
-2;107;-109;0;0
8;103;-95;1;299
204;93;111;1;91
202;131;71;1;130
201;120;81;1;117
198;59;139;1;65
139;126;13;0;0
13;136;-123;0;0
-58;104;-162;1;364
202;143;59;1;143
202;82;120;1;78
198;116;82;1;117
199;87;112;1;91
112;91;21;0;0
21;110;-89;0;0
2;152;-150;1;351
201;83;118;1;78
196;81;115;1;91
206;98;108;1;91
199;106;93;1;104
93;102;-9;0;0
-9;83;-92;0;0
12;101;-89;1;286
197;84;113;1;91
204;107;97;1;104
201;104;97;1;104
201;111;90;1;117
90;106;-16;0;0
-16;77;-93;0;0
24;87;-63;1;260
197;113;84;1;117
201;137;64;1;143
207;107;100;1;104
204;37;167;1;39
167;93;74;0;0
74;118;-44;0;0
-5;69;-74;1;273
199;98;101;1;104
205;101;104;1;91
195;48;147;1;52
199;117;82;1;117
82;78;4;0;0
4;80;-76;0;0
41;152;-111;1;312
201;93;108;1;91
199;76;123;1;78
201;102;99;1;104
203;143;60;1;143
60;87;-27;0;0
-27;108;-135;0;0
8;72;-64;1;260
196;100;96;1;104
200;105;95;1;104
199;91;108;1;91
199;100;99;1;104
99;71;28;0;0
28;119;-91;0;0
13;66;-53;1;260
207;122;85;1;117
202;68;134;1;65
199;124;75;1;130
205;113;92;1;104
92;123;-31;0;0
-31;69;-100;0;0
4;98;-94;1;299
205;73;132;1;65
197;103;94;1;104
198;95;103;1;104
207;124;83;1;117
83;125;-42;0;0
-42;55;-97;0;0
20;153;-133;1;338
205;75;130;1;65
195;49;146;1;52
198;130;68;1;130
198;76;122;1;78
122;98;24;0;0
24;124;-100;0;0
-22;105;-127;1;325
198;96;102;1;104
206;104;102;1;104
206;87;119;1;78
197;99;98;1;104
98;125;-27;0;0
-27;79;-106;0;0
-2;98;-100;1;299
199;94;105;1;91
196;90;106;1;91
197;99;98;1;104
202;133;69;1;130
69;94;-25;0;0
-25;97;-122;0;0
8;114;-106;1;312
206;46;160;1;39
199;126;73;1;130
203;83;120;1;78
198;87;111;1;91
111;109;2;0;0
2;114;-112;0;0
-21;121;-142;1;338
196;74;122;1;78
200;157;43;1;156
199;116;83;1;117
200;100;100;1;104
100;71;29;0;0
29;85;-56;0;0
48;107;-59;1;260
201;83;118;1;78
196;52;144;1;52
196;122;74;1;130
204;122;82;1;117
82;119;-37;0;0
-37;94;-131;0;0
-14;106;-120;1;325
205;117;88;1;117
205;112;93;1;104
197;103;94;1;104
198;111;87;1;117
87;126;-39;0;0
-39;124;-163;0;0
-46;71;-117;1;312
195;79;116;1;91
207;100;107;1;91
198;100;98;1;104
202;81;121;1;78
121;97;24;0;0
24;88;-64;0;0
14;112;-98;1;299
201;121;80;1;117
197;106;91;1;104
195;99;96;1;104
200;115;85;1;117
85;106;-21;0;0
-21;121;-142;0;0
-25;106;-131;1;338
207;130;77;1;130
207;121;86;1;117
203;107;96;1;104
200;54;146;1;52
146;111;35;0;0
35;62;-27;0;0
25;107;-82;1;286
204;73;131;1;65
196;84;112;1;91
203;92;111;1;91
202;93;109;1;91
109;124;-15;0;0
-15;108;-123;0;0
-32;92;-124;1;325
201;103;98;1;104
202;90;112;1;91
203;92;111;1;91
202;140;62;1;143
62;88;-26;0;0
-26;106;-132;0;0
11;67;-56;1;260
204;82;122;1;78
200;94;106;1;91
197;95;102;1;104
206;47;159;1;39
159;105;54;0;0
54;93;-39;0;0
0;129;-129;1;325
196;81;115;1;91
206;90;116;1;91
207;122;85;1;117
202;95;107;1;91
107;89;18;0;0
18;135;-117;0;0
-26;110;-136;1;338
202;112;90;1;117
207;84;123;1;78
201;93;108;1;91
199;107;92;1;104
92;107;-15;0;0
-15;114;-129;0;0
-25;117;-142;1;338
196;98;98;1;104
202;88;114;1;91
205;95;110;1;91
201;112;89;1;117
89;112;-23;0;0
-23;105;-128;0;0
-11;94;-105;1;312
207;114;93;1;104
197;117;80;1;117
197;125;72;1;130
202;125;77;1;130
77;54;23;0;0
23;109;-86;0;0
44;95;-51;1;247
196;47;149;1;52
201;121;80;1;117
197;86;111;1;91
202;92;110;1;91
110;115;-5;0;0
-5;128;-133;0;0
-42;79;-121;1;325
204;111;93;1;104
197;86;111;1;91
202;95;107;1;91
198;100;98;1;104
98;106;-8;0;0
-8;120;-128;0;0
-24;107;-131;1;338
207;74;133;1;65
198;63;135;1;65
200;132;68;1;130
198;120;78;1;117
78;112;-34;0;0
-34;92;-126;0;0
-9;111;-120;1;325
205;101;104;1;91
195;107;88;1;117
205;132;73;1;130
203;82;121;1;78
121;144;-23;0;0
-23;65;-88;0;0
-10;98;-108;1;312
204;159;45;1;156
201;94;107;1;91
198;114;84;1;117
201;87;114;1;91
114;118;-4;0;0
-4;109;-113;0;0
-22;89;-111;1;312
201;89;112;1;91
203;116;87;1;117
204;78;126;1;78
204;69;135;1;65
135;131;4;0;0
4;73;-69;0;0
-4;79;-83;1;286
203;71;132;1;65
197;88;109;1;91
200;116;84;1;117
201;133;68;1;130
68;101;-33;0;0
-33;83;-116;0;0
14;62;-48;1;247
199;123;76;1;130
206;101;105;1;91
196;103;93;1;104
197;79;118;1;78
118;79;39;0;0
39;85;-46;0;0
32;89;-57;1;260
203;34;169;1;26
195;123;72;1;130
202;126;76;1;130
206;98;108;1;91
108;102;6;0;0
6;89;-83;0;0
8;100;-92;1;299
207;133;74;1;130
204;81;123;1;78
201;121;80;1;117
197;129;68;1;130
68;91;-23;0;0
-23;126;-149;0;0
-19;114;-133;1;338
205;30;175;1;26
201;86;115;1;91
206;81;125;1;78
203;100;103;1;104
103;89;14;0;0
14;102;-88;0;0
16;80;-64;1;260
196;81;115;1;91
206;86;120;1;78
198;162;36;1;169
205;127;78;1;117
78;109;-31;0;0
-31;134;-165;0;0
-48;114;-162;1;364
202;122;80;1;117
197;85;112;1;91
203;110;93;1;104
197;66;131;1;65
131;93;38;0;0
38;100;-62;0;0
3;123;-120;1;325
205;106;99;1;104
203;94;109;1;91
200;84;116;1;91
207;109;98;1;104
98;115;-17;0;0
-17;96;-113;0;0
-9;117;-126;1;325
199;104;95;1;104
199;113;86;1;117
203;69;134;1;65
199;136;63;1;143
63;108;-45;0;0
-45;135;-180;0;0
-37;58;-95;1;299
204;73;131;1;65
196;71;125;1;78
203;124;79;1;117
196;90;106;1;91
106;37;69;0;0
69;133;-64;0;0
27;101;-74;1;273
199;134;65;1;130
195;112;83;1;117
200;78;122;1;78
200;103;97;1;104
97;99;-2;0;0
-2;74;-76;0;0
28;83;-55;1;260
205;105;100;1;104
204;119;85;1;117
202;83;119;1;78
197;114;83;1;117
83;85;-2;0;0
-2;109;-111;0;0
6;91;-85;1;286
201;88;113;1;91
204;148;56;1;143
199;120;79;1;117
196;105;91;1;104
91;53;38;0;0
38;153;-115;0;0
-11;81;-92;1;299
207;109;98;1;104
202;96;106;1;91
197;131;66;1;130
196;122;74;1;130
74;117;-43;0;0
-43;110;-153;0;0
-23;92;-115;1;312
197;109;88;1;117
205;121;84;1;117
201;138;63;1;143
206;86;120;1;78
120;97;23;0;0
23;119;-96;0;0
-18;60;-78;1;273
195;81;114;1;91
205;110;95;1;104
199;95;104;1;91
195;85;110;1;91
110;80;30;0;0
30;63;-33;0;0
58;81;-23;1;221
198;75;123;1;78
201;89;112;1;91
203;111;92;1;104
196;122;74;1;130
74;83;-9;0;0
-9;141;-150;0;0
-20;60;-80;1;286
206;63;143;1;52
195;82;113;1;91
204;101;103;1;104
207;100;107;1;91
107;128;-21;0;0
-21;113;-134;0;0
-43;124;-167;1;364
197;86;111;1;91
202;121;81;1;117
198;127;71;1;130
201;117;84;1;117
84;145;-61;0;0
-61;86;-147;0;0
-30;113;-143;1;338
195;119;76;1;130
206;72;134;1;65
199;84;115;1;91
206;65;141;1;65
141;101;40;0;0
40;96;-56;0;0
9;114;-105;1;312
207;79;128;1;78
206;116;90;1;117
207;92;115;1;91
206;113;93;1;104
93;98;-5;0;0
-5;77;-82;0;0
22;104;-82;1;286
204;97;107;1;91
198;85;113;1;91
204;100;104;1;91
195;96;99;1;104
99;82;17;0;0
17;83;-66;0;0
38;126;-88;1;286
198;102;96;1;104
200;89;111;1;91
202;88;114;1;91
205;81;124;1;78
124;76;48;0;0
48;106;-58;0;0
20;85;-65;1;260
195;72;123;1;78
201;102;99;1;104
203;88;115;1;91
206;112;94;1;104
94;118;-24;0;0
-24;103;-127;0;0
-23;61;-84;1;286
202;84;118;1;78
196;109;87;1;117
204;136;68;1;130
198;112;86;1;117
86;59;27;0;0
27;79;-52;0;0
65;103;-38;1;234
196;88;108;1;91
199;119;80;1;117
197;97;100;1;104
204;68;136;1;65
136;107;29;0;0
29;110;-81;0;0
-16;106;-122;1;325
203;139;64;1;143
207;85;122;1;78
200;54;146;1;52
198;84;114;1;91
114;115;-1;0;0
-1;99;-100;0;0
-9;80;-89;1;286
197;104;93;1;104
197;92;105;1;91
196;56;140;1;65
205;125;80;1;117
80;105;-25;0;0
-25;101;-126;0;0
-9;99;-108;1;312
204;132;72;1;130
202;82;120;1;78
198;84;114;1;91
205;131;74;1;130
74;79;-5;0;0
-5;91;-96;0;0
34;107;-73;1;273
200;118;82;1;117
199;123;76;1;130
206;89;117;1;78
195;145;50;1;156
50;106;-56;0;0
-56;100;-156;0;0
0;120;-120;1;325
205;61;144;1;52
196;121;75;1;130
205;74;131;1;65
196;85;111;1;91
111;101;10;0;0
10;105;-95;0;0
-4;73;-77;1;273
196;64;132;1;65
197;102;95;1;104
199;85;114;1;91
205;104;101;1;104
101;114;-13;0;0
-13;85;-98;0;0
6;91;-85;1;286
201;134;67;1;130
197;96;101;1;104
205;96;109;1;91
200;77;123;1;78
123;128;-5;0;0
-5;83;-88;0;0
-10;75;-85;1;286
201;65;136;1;65
201;118;83;1;117
200;93;107;1;91
198;113;85;1;117
85;99;-14;0;0
-14;100;-114;0;0
3;114;-111;1;312
201;70;131;1;65
196;105;91;1;104
195;79;116;1;91
207;104;103;1;104
103;80;23;0;0
23;96;-73;0;0
31;92;-61;1;260
199;103;96;1;104
200;101;99;1;104
203;95;108;1;91
199;76;123;1;78
123;150;-27;0;0
-27;97;-124;0;0
-46;76;-122;1;325
203;116;87;1;117
204;62;142;1;65
207;68;139;1;65
204;96;108;1;91
108;53;55;0;0
55;124;-69;0;0
22;119;-97;1;299
202;73;129;1;78
207;127;80;1;117
197;90;107;1;91
198;99;99;1;104
99;107;-8;0;0
-8;106;-114;0;0
-10;128;-138;1;338
200;95;105;1;91
196;122;74;1;130
204;67;137;1;65
202;76;126;1;78
126;134;-8;0;0
-8;109;-117;0;0
-39;116;-155;1;351
196;132;64;1;143
207;122;85;1;117
202;84;118;1;78
196;114;82;1;117
82;116;-34;0;0
-34;86;-120;0;0
-3;116;-119;1;325
206;114;92;1;104
196;75;121;1;78
199;97;102;1;104
206;76;130;1;65
130;120;10;0;0
10;83;-73;0;0
-8;74;-82;1;286
204;96;108;1;91
199;125;74;1;130
204;84;120;1;78
198;132;66;1;130
66;95;-29;0;0
-29;76;-105;0;0
25;115;-90;1;286
196;113;83;1;117
200;92;108;1;91
199;98;101;1;104
205;127;78;1;117
78;107;-29;0;0
-29;96;-125;0;0
-8;58;-66;1;273
207;99;108;1;91
199;92;107;1;91
198;80;118;1;78
196;83;113;1;91
113;102;11;0;0
11;88;-77;0;0
14;121;-107;1;312
205;90;115;1;91
206;82;124;1;78
202;112;90;1;117
207;88;119;1;78
119;83;36;0;0
36;97;-61;0;0
17;146;-129;1;325
196;126;70;1;130
200;106;94;1;104
198;87;111;1;91
202;137;65;1;130
65;130;-65;0;0
-65;82;-147;0;0
-17;98;-115;1;312
197;115;82;1;117
199;93;106;1;91
197;103;94;1;104
198;96;102;1;104
102;106;-4;0;0
-4;81;-85;0;0
19;97;-78;1;273
195;112;83;1;117
200;70;130;1;65
195;146;49;1;156
205;68;137;1;65
137;106;31;0;0
31;87;-56;0;0
9;118;-109;1;312
203;66;137;1;65
202;112;90;1;117
207;99;108;1;91
199;127;72;1;130
72;87;-15;0;0
-15;72;-87;0;0
43;96;-53;1;260
207;117;90;1;117
207;116;91;1;104
195;100;95;1;104
199;104;95;1;104
95;65;30;0;0
30;112;-82;0;0
22;87;-65;1;260
195;89;106;1;91
197;67;130;1;65
195;89;106;1;91
197;104;93;1;104
93;93;0;0;0
0;78;-78;0;0
26;91;-65;1;260
195;85;110;1;91
201;103;98;1;104
202;100;102;1;104
206;101;105;1;91
105;111;-6;0;0
-6;82;-88;0;0
3;103;-100;1;299
199;31;168;1;39
207;96;111;1;91
202;104;98;1;104
202;75;127;1;78
127;111;16;0;0
16;119;-103;0;0
-25;97;-122;1;325
203;88;115;1;91
206;113;93;1;104
197;94;103;1;104
207;109;98;1;104
98;86;12;0;0
12;73;-61;0;0
43;72;-29;1;234
205;95;110;1;91
201;99;102;1;104
206;106;100;1;104
204;130;74;1;130
74;84;-10;0;0
-10;65;-75;0;0
55;79;-24;1;221
197;85;112;1;91
203;90;113;1;91
204;106;98;1;104
202;147;55;1;143
55;81;-26;0;0
-26;56;-82;0;0
61;97;-36;1;234
198;126;72;1;130
202;77;125;1;78
203;115;88;1;117
205;107;98;1;104
98;81;17;0;0
17;97;-80;0;0
24;81;-57;1;260
203;83;120;1;78
198;112;86;1;117
203;95;108;1;91
199;105;94;1;104
94;121;-27;0;0
-27;55;-82;0;0
22;108;-86;1;286
200;132;68;1;130
198;84;114;1;91
205;117;88;1;117
205;99;106;1;91
106;111;-5;0;0
-5;107;-112;0;0
-21;126;-147;1;351
204;72;132;1;65
197;92;105;1;91
196;85;111;1;91
202;127;75;1;130
75;102;-27;0;0
-27;105;-132;0;0
-2;130;-132;1;338
206;112;94;1;104
198;142;56;1;143
199;100;99;1;104
203;91;112;1;91
112;106;6;0;0
6;77;-71;0;0
20;93;-73;1;273
200;133;67;1;130
197;103;94;1;104
198;73;125;1;78
203;120;83;1;117
83;111;-28;0;0
-28;89;-117;0;0
0;123;-123;1;325
202;85;117;1;78
195;114;81;1;117
198;98;100;1;104
204;118;86;1;117
86;95;-9;0;0
-9;51;-60;0;0
57;124;-67;1;273
206;80;126;1;78
204;137;67;1;130
197;133;64;1;143
207;92;115;1;91
115;98;17;0;0
17;117;-100;0;0
-9;114;-123;1;325
202;104;98;1;104
202;93;109;1;91
200;57;143;1;52
195;31;164;1;39
164;67;97;0;0
97;125;-28;0;0
11;78;-67;1;273
206;77;129;1;78
207;86;121;1;78
199;77;122;1;78
200;112;88;1;117
88;80;8;0;0
8;120;-112;0;0
5;126;-121;1;325
204;111;93;1;104
197;104;93;1;104
197;121;76;1;130
206;112;94;1;104
94;118;-24;0;0
-24;132;-156;0;0
-52;71;-123;1;325
202;124;78;1;117
195;115;80;1;117
197;82;115;1;91
206;90;116;1;91
116;107;9;0;0
9;70;-61;0;0
30;85;-55;1;260
205;68;137;1;65
202;89;113;1;91
204;134;70;1;130
200;96;104;1;91
104;88;16;0;0
16;120;-104;0;0
-13;110;-123;1;325
202;79;123;1;78
201;92;109;1;91
200;116;84;1;117
201;107;94;1;104
94;91;3;0;0
3;90;-87;0;0
17;90;-73;1;273
200;66;134;1;65
199;135;64;1;143
207;104;103;1;104
207;119;88;1;117
88;109;-21;0;0
-21;93;-114;0;0
3;106;-103;1;299
196;129;67;1;130
197;115;82;1;117
199;126;73;1;130
203;110;93;1;104
93;98;-5;0;0
-5;93;-98;0;0
6;98;-92;1;299
207;106;101;1;104
205;65;140;1;65
205;90;115;1;91
206;103;103;1;104
103;85;18;0;0
18;113;-95;0;0
9;65;-56;1;260
204;79;125;1;78
203;90;113;1;91
204;95;109;1;91
200;87;113;1;91
113;76;37;0;0
37;97;-60;0;0
31;113;-82;1;286
204;81;123;1;78
201;119;82;1;117
199;117;82;1;117
199;150;49;1;156
49;100;-51;0;0
-51;102;-153;0;0
3;87;-84;1;286
202;52;150;1;52
202;91;111;1;91
202;130;72;1;130
202;128;74;1;130
74;104;-30;0;0
-30;81;-111;0;0
19;84;-65;1;260
195;113;82;1;117
199;85;114;1;91
205;115;90;1;117
207;93;114;1;91
114;139;-25;0;0
-25;102;-127;0;0
-36;110;-146;1;351
205;150;55;1;143
198;72;126;1;78
204;74;130;1;65
195;129;66;1;130
66;100;-34;0;0
-34;86;-120;0;0
10;97;-87;1;286
199;77;122;1;78
200;131;69;1;130
199;135;64;1;143
207;118;89;1;117
89;104;-15;0;0
-15;106;-121;0;0
-4;92;-96;1;299
203;115;88;1;117
205;73;132;1;65
197;107;90;1;117
207;88;119;1;78
119;92;27;0;0
27;77;-50;0;0
28;104;-76;1;273
197;102;95;1;104
199;116;83;1;117
200;100;100;1;104
204;111;93;1;104
93;109;-16;0;0
-16;87;-103;0;0
1;84;-83;1;286
203;83;120;1;78
198;109;89;1;117
206;74;132;1;65
197;62;135;1;65
135;122;13;0;0
13;109;-96;0;0
-31;170;-201;1;403
202;113;89;1;117
206;145;61;1;143
204;83;121;1;78
199;83;116;1;91
116;129;-13;0;0
-13;134;-147;0;0
-56;81;-137;1;338
201;116;85;1;117
202;70;132;1;65
197;52;145;1;52
197;102;95;1;104
95;115;-20;0;0
-20;122;-142;0;0
-38;98;-136;1;338
202;115;87;1;117
204;95;109;1;91
200;57;143;1;52
195;92;103;1;104
103;121;-18;0;0
-18;95;-113;0;0
-9;104;-113;1;312
199;110;89;1;117
206;133;73;1;130
203;109;94;1;104
198;104;94;1;104
94;96;-2;0;0
-2;107;-109;0;0
-5;104;-109;1;312
203;96;107;1;91
198;120;78;1;117
195;108;87;1;117
204;137;67;1;130
67;107;-40;0;0
-40;90;-130;0;0
0;121;-121;1;325
204;91;113;1;91
204;89;115;1;91
206;98;108;1;91
199;122;77;1;130
77;116;-39;0;0
-39;95;-134;0;0
-4;73;-77;1;273
196;84;112;1;91
203;86;117;1;78
195;105;90;1;117
207;114;93;1;104
93;74;19;0;0
19;78;-59;0;0
45;128;-83;1;286
203;97;106;1;91
197;113;84;1;117
201;107;94;1;104
198;95;103;1;104
103;77;26;0;0
26;111;-85;0;0
19;122;-103;1;299
196;93;103;1;104
207;108;99;1;104
203;116;87;1;117
204;82;122;1;78
122;50;72;0;0
72;96;-24;0;0
54;72;-18;1;221
203;112;91;1;104
195;108;87;1;117
204;89;115;1;91
206;71;135;1;65
135;120;15;0;0
15;91;-76;0;0
-11;79;-90;1;286
196;106;90;1;117
207;126;81;1;117
198;131;67;1;130
197;120;77;1;130
77;146;-69;0;0
-69;94;-163;0;0
-33;110;-143;1;338
195;81;114;1;91
205;122;83;1;117
200;128;72;1;130
202;83;119;1;78
119;103;16;0;0
16;112;-96;0;0
-18;75;-93;1;299
206;140;66;1;130
196;83;113;1;91
204;89;115;1;91
206;86;120;1;78
120;73;47;0;0
47;105;-58;0;0
20;104;-84;1;286
202;122;80;1;117
197;86;111;1;91
202;89;113;1;91
204;81;123;1;78
123;89;34;0;0
34;90;-56;0;0
22;89;-67;1;273
206;86;120;1;78
198;91;107;1;91
198;85;113;1;91
204;126;78;1;117
78;77;1;0;0
1;79;-78;0;0
39;99;-60;1;260
200;112;88;1;117
205;110;95;1;104
199;94;105;1;91
196;115;81;1;117
81;134;-53;0;0
-53;127;-180;0;0
-63;91;-154;1;351
197;106;91;1;104
195;100;95;1;104
199;143;56;1;143
199;93;106;1;91
106;104;2;0;0
2;107;-105;0;0
-14;116;-130;1;325
195;123;72;1;130
202;109;93;1;104
197;56;141;1;65
206;92;114;1;91
114;103;11;0;0
11;70;-59;0;0
32;110;-78;1;273
195;88;107;1;91
198;110;88;1;117
205;97;108;1;91
199;120;79;1;117
79;129;-50;0;0
-50;87;-137;0;0
-20;94;-114;1;312
198;123;75;1;130
205;126;79;1;117
196;123;73;1;130
203;80;123;1;78
123;75;48;0;0
48;102;-54;0;0
24;91;-67;1;273
206;77;129;1;78
207;88;119;1;78
197;113;84;1;117
201;83;118;1;78
118;105;13;0;0
13;69;-56;0;0
22;94;-72;1;273
201;95;106;1;91
197;80;117;1;78
195;105;90;1;117
207;82;125;1;78
125;128;-3;0;0
-3;89;-92;0;0
-14;103;-117;1;312
195;109;86;1;117
203;120;83;1;117
200;114;86;1;117
203;118;85;1;117
85;110;-25;0;0
-25;82;-107;0;0
10;115;-105;1;312
207;111;96;1;104
200;98;102;1;104
206;70;136;1;65
201;101;100;1;104
100;115;-15;0;0
-15;140;-155;0;0
-51;83;-134;1;338
204;93;111;1;91
202;96;106;1;91
197;109;88;1;117
205;136;69;1;130
69;78;-9;0;0
-9;120;-129;0;0
1;107;-106;1;312
206;79;127;1;78
205;131;74;1;130
204;107;97;1;104
201;114;87;1;117
87;125;-38;0;0
-38;115;-153;0;0
-36;122;-158;1;364
206;107;99;1;104
203;116;87;1;117
204;138;66;1;130
196;90;106;1;91
106;120;-14;0;0
-14;109;-123;0;0
-32;117;-149;1;351
202;136;66;1;130
196;129;67;1;130
197;97;100;1;104
204;122;82;1;117
82;118;-36;0;0
-36;108;-144;0;0
-27;85;-112;1;312
200;133;67;1;130
197;78;119;1;78
197;97;100;1;104
204;114;90;1;117
90;123;-33;0;0
-33;99;-132;0;0
-15;122;-137;1;338
201;111;90;1;117
207;109;98;1;104
202;105;97;1;104
201;143;58;1;143
58;113;-55;0;0
-55;110;-165;0;0
-22;137;-159;1;364
205;115;90;1;117
207;106;101;1;104
205;91;114;1;91
205;115;90;1;117
90;79;11;0;0
11;67;-56;0;0
61;124;-63;1;260
197;136;61;1;143
204;105;99;1;104
203;62;141;1;65
206;138;68;1;130
68;82;-14;0;0
-14;71;-85;0;0
45;59;-14;1;221
207;103;104;1;91
195;63;132;1;65
197;99;98;1;104
202;91;111;1;91
111;70;41;0;0
41;69;-28;0;0
63;125;-62;1;260
198;87;111;1;91
202;103;99;1;104
203;123;80;1;117
197;77;120;1;78
120;88;32;0;0
32;61;-29;0;0
49;112;-63;1;260
197;94;103;1;104
207;91;116;1;91
207;124;83;1;117
200;105;95;1;104
95;87;8;0;0
8;110;-102;0;0
2;134;-132;1;338
206;105;101;1;104
205;82;123;1;78
201;112;89;1;117
206;149;57;1;143
57;74;-17;0;0
-17;90;-107;0;0
36;73;-37;1;234
197;97;100;1;104
204;105;99;1;104
203;82;121;1;78
199;141;58;1;143
58;150;-92;0;0
-92;96;-188;0;0
-45;71;-116;1;312
196;89;107;1;91
198;101;97;1;104
201;107;94;1;104
198;107;91;1;104
91;79;12;0;0
12;84;-72;0;0
32;100;-68;1;273
205;71;134;1;65
199;120;79;1;117
196;118;78;1;117
195;132;63;1;143
63;115;-52;0;0
-52;99;-151;0;0
-8;95;-103;1;299
196;108;88;1;117
205;105;100;1;104
204;123;81;1;117
198;85;113;1;91
113;117;-4;0;0
-4;81;-85;0;0
6;89;-83;1;286
203;75;128;1;78
206;99;107;1;91
198;84;114;1;91
205;128;77;1;130
77;107;-30;0;0
-30;148;-178;0;0
-48;103;-151;1;351
200;81;119;1;78
197;92;105;1;91
196;92;104;1;91
195;102;93;1;104
93;109;-16;0;0
-16;98;-114;0;0
-10;132;-142;1;338
196;127;69;1;130
199;93;106;1;91
197;110;87;1;117
204;69;135;1;65
135;85;50;0;0
50;94;-44;0;0
21;95;-74;1;273
199;113;86;1;117
203;93;110;1;91
201;135;66;1;130
196;110;86;1;117
86;79;7;0;0
7;134;-127;0;0
-10;97;-107;1;312
205;95;110;1;91
201;92;109;1;91
200;88;112;1;91
203;86;117;1;78
117;124;-7;0;0
-7;78;-85;0;0
-7;86;-93;1;299
206;94;112;1;91
203;97;106;1;91
197;96;101;1;104
205;86;119;1;78
119;85;34;0;0
34;71;-37;0;0
41;31;10;1;195
205;106;99;1;104
203;132;71;1;130
201;144;57;1;143
200;130;70;1;130
70;87;-17;0;0
-17;131;-148;0;0
-18;76;-94;1;299
205;109;96;1;104
200;122;78;1;117
195;75;120;1;78
198;105;93;1;104
93;112;-19;0;0
-19;60;-79;0;0
25;113;-88;1;286
198;78;120;1;78
198;81;117;1;78
195;86;109;1;91
200;81;119;1;78
119;85;34;0;0
34;76;-42;0;0
36;98;-62;1;260
198;37;161;1;39
200;46;154;1;52
206;74;132;1;65
197;89;108;1;91
108;110;-2;0;0
-2;76;-78;0;0
13;104;-91;1;286
195;121;74;1;130
204;148;56;1;143
199;103;96;1;104
200;113;87;1;117
87;95;-8;0;0
-8;133;-141;0;0
-24;91;-115;1;312
197;80;117;1;78
195;71;124;1;78
202;92;110;1;91
201;128;73;1;130
73;126;-53;0;0
-53;166;-219;0;0
-89;92;-181;1;377
196;117;79;1;117
196;119;77;1;130
207;53;154;1;52
206;91;115;1;91
115;106;9;0;0
9;83;-74;0;0
17;107;-90;1;286
196;88;108;1;91
199;120;79;1;117
196;103;93;1;104
197;71;126;1;78
126;85;41;0;0
41;99;-58;0;0
20;119;-99;1;299
200;76;124;1;78
202;77;125;1;78
203;108;95;1;104
199;121;78;1;117
78;133;-55;0;0
-55;104;-159;0;0
-42;151;-193;1;390
197;108;89;1;117
206;76;130;1;65
195;116;79;1;117
196;133;63;1;143
63;118;-55;0;0
-55;100;-155;0;0
-12;97;-109;1;312
203;106;97;1;104
201;96;105;1;91
196;105;91;1;104
195;91;104;1;91
104;103;1;0;0
1;137;-136;0;0
-45;107;-152;1;351
199;90;109;1;91
200;64;136;1;65
201;115;86;1;117
203;92;111;1;91
111;138;-27;0;0
-27;126;-153;0;0
-62;104;-166;1;364
198;110;88;1;117
205;117;88;1;117
205;102;103;1;104
207;91;116;1;91
116;106;10;0;0
10;101;-91;0;0
0;116;-116;1;312
196;120;76;1;130
206;89;117;1;78
195;99;96;1;104
200;113;87;1;117
87;86;1;0;0
1;141;-140;0;0
-23;82;-105;1;312
207;89;118;1;78
196;112;84;1;117
201;117;84;1;117
201;130;71;1;130
71;61;10;0;0
10;112;-102;0;0
28;113;-85;1;286
201;100;101;1;104
205;110;95;1;104
199;56;143;1;52
195;75;120;1;78
120;126;-6;0;0
-6;72;-78;0;0
0;105;-105;1;312
207;104;103;1;104
207;107;100;1;104
204;85;119;1;78
197;111;86;1;117
86;115;-29;0;0
-29;36;-65;0;0
52;98;-46;1;247
201;108;93;1;104
197;120;77;1;130
207;104;103;1;104
207;94;113;1;91
113;120;-7;0;0
-7;115;-122;0;0
-31;100;-131;1;338
207;108;99;1;104
203;95;108;1;91
199;50;149;1;52
201;125;76;1;130
76;72;4;0;0
4;140;-136;0;0
-6;92;-98;1;299
201;103;98;1;104
202;105;97;1;104
201;169;32;1;169
201;70;131;1;65
131;82;49;0;0
49;95;-46;0;0
19;105;-86;1;286
200;104;96;1;104
200;92;108;1;91
199;98;101;1;104
205;93;112;1;91
112;69;43;0;0
43;133;-90;0;0
1;87;-86;1;286
200;88;112;1;91
203;128;75;1;130
205;113;92;1;104
196;65;131;1;65
131;92;39;0;0
39;147;-108;0;0
-43;116;-159;1;364
205;105;100;1;104
204;113;91;1;104
195;110;85;1;117
202;127;75;1;130
75;89;-14;0;0
-14;101;-115;0;0
15;115;-100;1;299
199;104;95;1;104
199;115;84;1;117
201;120;81;1;117
198;116;82;1;117
82;100;-18;0;0
-18;121;-139;0;0
-22;95;-117;1;312
195;114;81;1;117
198;105;93;1;104
197;98;99;1;104
203;83;120;1;78
120;115;5;0;0
5;93;-88;0;0
-10;113;-123;1;325
202;97;105;1;91
196;120;76;1;130
206;85;121;1;78
199;155;44;1;156
44;85;-41;0;0
-41;112;-153;0;0
3;109;-106;1;312
206;84;122;1;78
200;125;75;1;130
205;91;114;1;91
205;69;136;1;65
136;100;36;0;0
36;77;-41;0;0
24;88;-64;1;260
196;136;60;1;143
203;95;108;1;91
199;122;77;1;130
207;112;95;1;104
95;95;0;0;0
0;72;-72;0;0
32;102;-70;1;273
203;135;68;1;130
198;79;119;1;78
197;107;90;1;117
207;123;84;1;117
84;55;29;0;0
29;77;-48;0;0
69;95;-26;1;221
195;74;121;1;78
199;82;117;1;78
195;132;63;1;143
206;69;137;1;65
137;102;35;0;0
35;112;-77;0;0
-12;107;-119;1;325
206;106;100;1;104
204;72;132;1;65
197;116;81;1;117
198;103;95;1;104
95;70;25;0;0
25;43;-18;0;0
86;86;0;1;195
195;81;114;1;91
205;120;85;1;117
202;106;96;1;104
200;110;90;1;117
90;130;-40;0;0
-40;117;-157;0;0
-40;83;-123;1;325
202;128;74;1;130
204;158;46;1;156
202;143;59;1;143
202;87;115;1;91
115;103;12;0;0
12;89;-77;0;0
14;111;-97;1;299
202;89;113;1;91
204;98;106;1;91
197;107;90;1;117
207;98;109;1;91
109;109;0;0;0
0;61;-61;0;0
30;134;-104;1;299
195;102;93;1;104
197;126;71;1;130
201;112;89;1;117
206;117;89;1;117
89;110;-21;0;0
-21;113;-134;0;0
-17;83;-100;1;299
199;141;58;1;143
201;98;103;1;104
207;118;89;1;117
206;110;96;1;104
96;70;26;0;0
26;110;-84;0;0
20;110;-90;1;286
196;99;97;1;104
201;135;66;1;130
196;68;128;1;78
206;82;124;1;78
124;70;54;0;0
54;127;-73;0;0
5;87;-82;1;286
204;93;111;1;91
202;91;111;1;91
202;101;101;1;104
205;115;90;1;117
90;94;-4;0;0
-4;105;-109;0;0
8;124;-116;1;312
196;83;113;1;91
204;109;95;1;104
199;78;121;1;78
199;68;131;1;65
131;127;4;0;0
4;108;-104;0;0
-39;149;-188;1;390
202;135;67;1;130
197;91;106;1;91
197;98;99;1;104
203;140;63;1;143
63;99;-36;0;0
-36;83;-119;0;0
24;113;-89;1;286
197;140;57;1;143
200;105;95;1;104
199;119;80;1;117
197;113;84;1;117
84;70;14;0;0
14;133;-119;0;0
-2;119;-121;1;325
204;101;103;1;104
207;140;67;1;130
197;70;127;1;78
205;82;123;1;78
123;84;39;0;0
39;109;-70;0;0
8;86;-78;1;273
195;30;165;1;39
204;88;116;1;91
207;104;103;1;104
207;117;90;1;117
90;100;-10;0;0
-10;95;-105;0;0
12;59;-47;1;247
200;124;76;1;130
206;85;121;1;78
199;95;104;1;91
195;105;90;1;117
90;70;20;0;0
20;106;-86;0;0
31;127;-96;1;299
203;106;97;1;104
201;128;73;1;130
203;85;118;1;78
196;56;140;1;65
140;101;39;0;0
39;121;-82;0;0
-17;88;-105;1;312
207;77;130;1;65
195;109;86;1;117
203;110;93;1;104
197;139;58;1;143
58;102;-44;0;0
-44;149;-193;0;0
-50;117;-167;1;364
197;96;101;1;104
205;104;101;1;104
205;52;153;1;52
205;83;122;1;78
122;132;-10;0;0
-10;122;-132;0;0
-54;59;-113;1;312
199;99;100;1;104
204;161;43;1;156
199;110;89;1;117
206;94;112;1;91
112;73;39;0;0
39;122;-83;0;0
8;106;-98;1;299
201;107;94;1;104
198;86;112;1;91
203;83;120;1;78
198;153;45;1;156
45;85;-40;0;0
-40;94;-134;0;0
22;86;-64;1;260
196;113;83;1;117
200;104;96;1;104
200;82;118;1;78
196;113;83;1;117
83;127;-44;0;0
-44;110;-154;0;0
-37;109;-146;1;351
205;91;114;1;91
205;93;112;1;91
203;135;68;1;130
198;88;110;1;91
110;75;35;0;0
35;74;-39;0;0
52;84;-32;1;234
202;100;102;1;104
206;88;118;1;78
196;140;56;1;143
199;121;78;1;117
78;121;-43;0;0
-43;109;-152;0;0
-35;92;-127;1;325
198;103;95;1;104
199;91;108;1;91
199;113;86;1;117
203;65;138;1;65
138;89;49;0;0
49;77;-28;0;0
37;111;-74;1;273
199;124;75;1;130
205;122;83;1;117
200;80;120;1;78
198;88;110;1;91
110;127;-17;0;0
-17;74;-91;0;0
0;116;-116;1;312
196;98;98;1;104
202;74;128;1;78
206;109;97;1;104
201;85;116;1;91
116;104;12;0;0
12;122;-110;0;0
-19;71;-90;1;286
196;87;109;1;91
200;113;87;1;117
204;102;102;1;104
206;97;109;1;91
109;113;-4;0;0
-4;110;-114;0;0
-23;103;-126;1;325
199;59;140;1;65
205;74;131;1;65
196;97;99;1;104
203;98;105;1;91
105;110;-5;0;0
-5;100;-105;0;0
-14;130;-144;1;351
207;89;118;1;78
196;118;78;1;117
195;97;98;1;104
202;110;92;1;104
92;117;-25;0;0
-25;70;-95;0;0
9;97;-88;1;286
198;130;68;1;130
198;59;139;1;65
204;72;132;1;65
197;84;113;1;91
113;88;25;0;0
25;103;-78;0;0
13;83;-70;1;273
203;77;126;1;78
204;100;104;1;91
195;82;113;1;91
204;86;118;1;78
118;103;15;0;0
15;108;-93;0;0
-15;112;-127;1;325
198;117;81;1;117
198;112;86;1;117
203;110;93;1;104
197;80;117;1;78
117;143;-26;0;0
-26;142;-168;0;0
-90;111;-201;1;403
202;120;82;1;117
199;93;106;1;91
197;97;100;1;104
204;117;87;1;117
87;78;9;0;0
9;83;-74;0;0
43;68;-25;1;221
196;110;86;1;117
203;76;127;1;78
205;79;126;1;78
204;92;112;1;91
112;61;51;0;0
51;77;-26;0;0
65;107;-42;1;247
205;104;101;1;104
205;113;92;1;104
196;129;67;1;130
197;101;96;1;104
96;81;15;0;0
15;86;-71;0;0
33;84;-51;1;247
196;98;98;1;104
202;90;112;1;91
203;127;76;1;130
206;138;68;1;130
68;90;-22;0;0
-22;93;-115;0;0
15;100;-85;1;286
201;111;90;1;117
207;87;120;1;78
198;110;88;1;117
205;67;138;1;65
138;120;18;0;0
18;74;-56;0;0
9;104;-95;1;299
204;76;128;1;78
206;82;124;1;78
202;69;133;1;65
198;116;82;1;117
82;84;-2;0;0
-2;70;-72;0;0
45;66;-21;1;221
200;89;111;1;91
202;70;132;1;65
197;120;77;1;130
207;127;80;1;117
80;104;-24;0;0
-24;78;-102;0;0
15;114;-99;1;299
200;135;65;1;130
195;68;127;1;78
205;137;68;1;130
198;106;92;1;104
92;112;-20;0;0
-20;116;-136;0;0
-32;76;-108;1;312
204;88;116;1;91
207;114;93;1;104
197;108;89;1;117
206;94;112;1;91
112;98;14;0;0
14;87;-73;0;0
18;85;-67;1;273
206;106;100;1;104
204;122;82;1;117
199;90;109;1;91
200;133;67;1;130
67;110;-43;0;0
-43;125;-168;0;0
-38;124;-162;1;364
202;92;110;1;91
201;127;74;1;130
204;76;128;1;78
206;88;118;1;78
118;107;11;0;0
11;84;-73;0;0
5;130;-125;1;325
200;99;101;1;104
205;84;121;1;78
199;100;99;1;104
203;121;82;1;117
82;132;-50;0;0
-50;89;-139;0;0
-22;85;-107;1;312
205;119;86;1;117
203;116;87;1;117
204;115;89;1;117
206;132;74;1;130
74;148;-74;0;0
-74;130;-204;0;0
-74;116;-190;1;390
200;81;119;1;78
197;113;84;1;117
201;115;86;1;117
203;111;92;1;104
92;97;-5;0;0
-5;87;-92;0;0
12;98;-86;1;286
200;105;95;1;104
199;97;102;1;104
206;73;133;1;65
198;144;54;1;143
54;73;-19;0;0
-19;134;-153;0;0
-10;113;-123;1;325
202;69;133;1;65
198;111;87;1;117
204;105;99;1;104
203;84;119;1;78
119;47;72;0;0
72;64;8;0;0
86;111;-25;1;221
196;119;77;1;130
207;90;117;1;78
195;106;89;1;117
206;99;107;1;91
107;114;-7;0;0
-7;76;-83;0;0
8;105;-97;1;299
202;108;94;1;104
198;93;105;1;91
196;83;113;1;91
204;109;95;1;104
95;87;8;0;0
8;66;-58;0;0
46;111;-65;1;260
195;104;91;1;104
195;94;101;1;104
205;110;95;1;104
199;106;93;1;104
93;112;-19;0;0
-19;104;-123;0;0
-19;52;-71;1;273
202;122;80;1;117
197;99;98;1;104
202;92;110;1;91
201;114;87;1;117
87;115;-28;0;0
-28;135;-163;0;0
-46;136;-182;1;377
195;108;87;1;117
204;88;116;1;91
207;136;71;1;130
201;85;116;1;91
116;91;25;0;0
25;91;-66;0;0
25;87;-62;1;260
198;85;113;1;91
204;98;106;1;91
197;163;34;1;169
203;76;127;1;78
127;95;32;0;0
32;102;-70;0;0
8;108;-100;1;299
199;70;129;1;78
207;144;63;1;143
206;130;76;1;130
206;75;131;1;65
131;99;32;0;0
32;125;-93;0;0
-28;45;-73;1;273
200;140;60;1;143
203;97;106;1;91
197;144;53;1;143
196;85;111;1;91
111;98;13;0;0
13;100;-87;0;0
4;79;-75;1;273
198;112;86;1;117
203;123;80;1;117
197;119;78;1;117
195;59;136;1;65
136;111;25;0;0
25;103;-78;0;0
-13;99;-112;1;312
200;145;55;1;143
198;96;102;1;104
206;102;104;1;91
195;106;89;1;117
89;88;1;0;0
1;84;-83;0;0
34;81;-47;1;247
200;74;126;1;78
204;112;92;1;104
196;110;86;1;117
203;118;85;1;117
85;131;-46;0;0
-46;80;-126;0;0
-9;118;-127;1;325
198;110;88;1;117
205;112;93;1;104
197;93;104;1;91
195;105;90;1;117
90;103;-13;0;0
-13;98;-111;0;0
6;73;-67;1;273
206;71;135;1;65
200;79;121;1;78
199;84;115;1;91
206;87;119;1;78
119;92;27;0;0
27;109;-82;0;0
-4;70;-74;1;273
199;101;98;1;104
202;59;143;1;52
195;97;98;1;104
202;88;114;1;91
114;147;-33;0;0
-33;106;-139;0;0
-48;103;-151;1;351
200;80;120;1;78
198;97;101;1;104
205;114;91;1;104
195;67;128;1;78
128;103;25;0;0
25;110;-85;0;0
-7;102;-109;1;312
203;141;62;1;143
205;100;105;1;91
196;107;89;1;117
206;88;118;1;78
118;108;10;0;0
10;48;-38;0;0
40;113;-73;1;273
200;125;75;1;130
205;116;89;1;117
206;77;129;1;78
207;75;132;1;65
132;101;31;0;0
31;112;-81;0;0
-16;140;-156;1;351
195;102;93;1;104
197;66;131;1;65
196;53;143;1;52
195;93;102;1;104
102;53;49;0;0
49;61;-12;0;0
92;71;21;1;182
203;112;91;1;104
195;86;109;1;91
200;89;111;1;91
202;111;91;1;104
91;93;-2;0;0
-2;110;-112;0;0
-8;118;-126;1;325
199;57;142;1;65
207;120;87;1;117
204;75;129;1;78
207;91;116;1;91
116;75;41;0;0
41;117;-76;0;0
15;96;-81;1;286
205;121;84;1;117
201;106;95;1;104
199;131;68;1;130
198;87;111;1;91
111;93;18;0;0
18;115;-97;0;0
-6;88;-94;1;299
205;97;108;1;91
199;107;92;1;104
196;54;142;1;65
207;125;82;1;117
82;111;-29;0;0
-29;88;-117;0;0
0;88;-88;1;286
198;51;147;1;52
199;123;76;1;130
206;106;100;1;104
204;89;115;1;91
115;100;15;0;0
15;81;-66;0;0
25;96;-71;1;273
202;114;88;1;117
205;96;109;1;91
200;118;82;1;117
199;119;80;1;117
80;100;-20;0;0
-20;158;-178;0;0
-61;140;-201;1;403
202;117;85;1;117
202;89;113;1;91
204;82;122;1;78
200;103;97;1;104
97;82;15;0;0
15;98;-83;0;0
21;135;-114;1;312
198;78;120;1;78
198;96;102;1;104
206;104;102;1;104
206;119;87;1;117
87;126;-39;0;0
-39;79;-118;0;0
-1;125;-126;1;325
199;88;111;1;91
202;111;91;1;104
195;124;71;1;130
201;90;111;1;91
111;133;-22;0;0
-22;116;-138;0;0
-47;130;-177;1;377
200;109;91;1;104
195;94;101;1;104
205;86;119;1;78
197;109;88;1;117
88;66;22;0;0
22;133;-111;0;0
6;102;-96;1;299
203;118;85;1;117
202;97;105;1;91
196;63;133;1;65
198;123;75;1;130
75;103;-28;0;0
-28;102;-130;0;0
0;97;-97;1;299
202;120;82;1;117
199;106;93;1;104
197;63;134;1;65
199;61;138;1;65
138;154;-16;0;0
-16;117;-133;0;0
-68;105;-173;1;377
204;76;128;1;78
206;66;140;1;65
205;96;109;1;91
200;126;74;1;130
74;91;-17;0;0
-17;101;-118;0;0
12;102;-90;1;286
196;119;77;1;130
207;75;132;1;65
197;76;121;1;78
199;79;120;1;78
120;93;27;0;0
27;92;-65;0;0
13;106;-93;1;299
206;106;100;1;104
204;137;67;1;130
197;110;87;1;117
204;146;58;1;143
58;87;-29;0;0
-29;135;-164;0;0
-21;87;-108;1;312
204;126;78;1;117
195;77;118;1;78
196;96;100;1;104
204;116;88;1;117
88;76;12;0;0
12;136;-124;0;0
-7;97;-104;1;299
195;126;69;1;130
199;83;116;1;91
207;42;165;1;39
204;81;123;1;78
123;86;37;0;0
37;73;-36;0;0
42;107;-65;1;260
195;109;86;1;117
203;76;127;1;78
205;108;97;1;104
201;91;110;1;91
110;96;14;0;0
14;69;-55;0;0
36;136;-100;1;299
199;84;115;1;91
206;98;108;1;91
199;121;78;1;117
195;131;64;1;143
64;65;-1;0;0
-1;144;-145;0;0
-2;79;-81;1;286
205;119;86;1;117
203;98;105;1;91
196;110;86;1;117
203;92;111;1;91
111;88;23;0;0
23;116;-93;0;0
-2;105;-107;1;312
205;81;124;1;78
202;84;118;1;78
196;125;71;1;130
201;76;125;1;78
125;97;28;0;0
28;92;-64;0;0
14;94;-80;1;286
206;65;141;1;65
206;115;91;1;104
195;104;91;1;104
195;116;79;1;117
79;69;10;0;0
10;125;-115;0;0
2;97;-95;1;299
204;109;95;1;104
199;137;62;1;143
205;67;138;1;65
203;102;101;1;104
101;58;43;0;0
43;118;-75;0;0
29;63;-34;1;234
200;86;114;1;91
205;89;116;1;91
207;137;70;1;130
200;105;95;1;104
95;97;-2;0;0
-2;111;-113;0;0
-9;60;-69;1;273
204;106;98;1;104
202;137;65;1;130
195;77;118;1;78
196;107;89;1;117
89;124;-35;0;0
-35;114;-149;0;0
-32;103;-135;1;338
203;148;55;1;143
198;71;127;1;78
205;98;107;1;91
198;102;96;1;104
96;54;42;0;0
42;104;-62;0;0
42;130;-88;1;286
198;70;128;1;78
206;78;128;1;78
206;94;112;1;91
203;76;127;1;78
127;47;80;0;0
80;148;-68;0;0
10;110;-100;1;299
199;76;123;1;78
201;103;98;1;104
202;89;113;1;91
204;147;57;1;143
57;85;-28;0;0
-28;111;-139;0;0
4;125;-121;1;325
204;109;95;1;104
199;135;64;1;143
207;122;85;1;117
202;78;124;1;78
124;108;16;0;0
16;92;-76;0;0
2;104;-102;1;299
197;115;82;1;117
199;101;98;1;104
202;96;106;1;91
197;54;143;1;52
143;112;31;0;0
31;74;-43;0;0
9;80;-71;1;273
202;104;98;1;104
202;131;71;1;130
201;95;106;1;91
197;140;57;1;143
57;148;-91;0;0
-91;96;-187;0;0
-44;100;-144;1;351
207;113;94;1;104
198;114;84;1;117
201;91;110;1;91
201;115;86;1;117
86;79;7;0;0
7;84;-77;0;0
40;93;-53;1;260
207;86;121;1;78
199;130;69;1;130
199;73;126;1;78
204;87;117;1;78
117;60;57;0;0
57;81;-24;0;0
54;114;-60;1;260
200;133;67;1;130
197;115;82;1;117
199;108;91;1;104
195;136;59;1;143
59;139;-80;0;0
-80;114;-194;0;0
-51;99;-150;1;351
201;112;89;1;117
206;113;93;1;104
197;95;102;1;104
206;90;116;1;91
116;114;2;0;0
2;99;-97;0;0
-6;81;-87;1;286
199;67;132;1;65
197;109;88;1;117
205;139;66;1;130
196;127;69;1;130
69;121;-52;0;0
-52;89;-141;0;0
-11;126;-137;1;338
201;96;105;1;91
196;84;112;1;91
203;88;115;1;91
206;134;72;1;130
72;101;-29;0;0
-29;106;-135;0;0
-5;59;-64;1;260
196;95;101;1;104
205;115;90;1;117
207;105;102;1;104
206;77;129;1;78
129;118;11;0;0
11;77;-66;0;0
12;140;-128;1;325
197;126;71;1;130
201;104;97;1;104
201;95;106;1;91
197;139;58;1;143
58;69;-11;0;0
-11;84;-95;0;0
48;92;-44;1;247
203;38;165;1;39
204;84;120;1;78
198;100;98;1;104
202;130;72;1;130
72;77;-5;0;0
-5;98;-103;0;0
27;105;-78;1;273
195;86;109;1;91
200;101;99;1;104
203;100;103;1;104
207;105;102;1;104
102;108;-6;0;0
-6;114;-120;0;0
-16;78;-94;1;299
205;66;139;1;65
204;74;130;1;65
195;95;100;1;104
204;93;111;1;91
111;102;9;0;0
9;104;-95;0;0
-4;115;-119;1;325
206;61;145;1;52
197;103;94;1;104
198;108;90;1;117
207;86;121;1;78
121;77;44;0;0
44;92;-48;0;0
30;124;-94;1;299
205;86;119;1;78
197;101;96;1;104
200;84;116;1;91
207;93;114;1;91
114;38;76;0;0
76;94;-18;0;0
73;100;-27;1;234
207;98;109;1;91
200;75;125;1;78
203;89;114;1;91
205;104;101;1;104
101;73;28;0;0
28;118;-90;0;0
14;77;-63;1;260
197;91;106;1;91
197;67;130;1;65
195;137;58;1;143
201;103;98;1;104
98;86;12;0;0
12;86;-74;0;0
30;108;-78;1;273
195;87;108;1;91
199;82;117;1;78
195;99;96;1;104
200;84;116;1;91
116;89;27;0;0
27;89;-62;0;0
29;130;-101;1;299
198;107;91;1;104
195;130;65;1;130
195;97;98;1;104
202;82;120;1;78
120;106;14;0;0
14;82;-68;0;0
10;91;-81;1;286
205;125;80;1;117
197;82;115;1;91
206;119;87;1;117
204;82;122;1;78
122;53;69;0;0
69;107;-38;0;0
40;107;-67;1;273
206;115;91;1;104
195;116;79;1;117
196;88;108;1;91
199;113;86;1;117
86;86;0;0;0
0;74;-74;0;0
43;132;-89;1;286
197;160;37;1;169
206;108;98;1;104
202;58;144;1;52
196;113;83;1;117
83;122;-39;0;0
-39;80;-119;0;0
-2;85;-87;1;286
199;106;93;1;104
197;121;76;1;130
206;121;85;1;117
202;99;103;1;104
103;69;34;0;0
34;77;-43;0;0
61;74;-13;1;208
195;101;94;1;104
198;108;90;1;117
207;121;86;1;117
203;46;157;1;39
157;140;17;0;0
17;54;-37;0;0
2;96;-94;1;299
205;120;85;1;117
202;74;128;1;78
206;108;98;1;104
202;127;75;1;130
75;93;-18;0;0
-18;137;-155;0;0
-25;83;-108;1;312
204;94;110;1;91
201;96;105;1;91
196;75;121;1;78
199;97;102;1;104
102;91;11;0;0
11;120;-109;0;0
-5;155;-160;1;364
204;93;111;1;91
202;94;108;1;91
199;120;79;1;117
196;116;80;1;117
80;75;5;0;0
5;101;-96;0;0
21;78;-57;1;260
203;90;113;1;91
204;90;114;1;91
205;110;95;1;104
199;88;111;1;91
111;115;-4;0;0
-4;142;-146;0;0
-55;91;-146;1;351
205;84;121;1;78
199;136;63;1;143
206;95;111;1;91
202;116;86;1;117
86;82;4;0;0
4;124;-120;0;0
-3;109;-112;1;312
200;133;67;1;130
197;141;56;1;143
199;100;99;1;104
203;99;104;1;91
104;131;-27;0;0
-27;108;-135;0;0
-44;57;-101;1;299
198;56;142;1;65
207;105;102;1;104
206;124;82;1;117
199;72;127;1;78
127;87;40;0;0
40;87;-47;0;0
31;83;-52;1;247
195;58;137;1;65
202;103;99;1;104
203;102;101;1;104
205;96;109;1;91
109;102;7;0;0
7;82;-75;0;0
16;96;-80;1;286
206;88;118;1;78
196;73;123;1;78
201;72;129;1;78
207;105;102;1;104
102;83;19;0;0
19;58;-39;0;0
65;105;-40;1;247
207;90;117;1;78
195;105;90;1;117
207;116;91;1;104
195;84;111;1;91
111;79;32;0;0
32;104;-72;0;0
19;96;-77;1;273
196;71;125;1;78
203;95;108;1;91
199;104;95;1;104
199;76;123;1;78
123;104;19;0;0
19;95;-76;0;0
2;94;-92;1;299
207;130;77;1;130
207;109;98;1;104
202;118;84;1;117
201;104;97;1;104
97;76;21;0;0
21;83;-62;0;0
42;85;-43;1;247
204;106;98;1;104
202;103;99;1;104
203;77;126;1;78
204;107;97;1;104
97;137;-40;0;0
-40;59;-99;0;0
5;69;-64;1;260
196;109;87;1;117
204;125;79;1;117
196;100;96;1;104
200;119;81;1;117
81;85;-4;0;0
-4;112;-116;0;0
1;130;-129;1;325
196;104;92;1;104
196;91;105;1;91
196;61;135;1;65
200;129;71;1;130
71;104;-33;0;0
-33;121;-154;0;0
-24;58;-82;1;286
204;97;107;1;91
198;74;124;1;78
202;100;102;1;104
206;117;89;1;117
89;119;-30;0;0
-30;131;-161;0;0
-44;108;-152;1;351
199;121;78;1;117
195;93;102;1;104
206;115;91;1;104
195;107;88;1;117
88;119;-31;0;0
-31;111;-142;0;0
-25;112;-137;1;338
201;110;91;1;104
195;113;82;1;117
199;77;122;1;78
200;127;73;1;130
73;88;-15;0;0
-15;84;-99;0;0
31;105;-74;1;273
199;64;135;1;65
200;90;110;1;91
201;64;137;1;65
202;111;91;1;104
91;84;7;0;0
7;98;-91;0;0
13;109;-96;1;299
203;133;70;1;130
200;123;77;1;130
207;67;140;1;65
205;73;132;1;65
132;94;38;0;0
38;117;-79;0;0
-14;111;-125;1;325
200;99;101;1;104
205;128;77;1;130
207;110;97;1;104
201;127;74;1;130
74;79;-5;0;0
-5;89;-94;0;0
36;87;-51;1;247
196;135;61;1;143
204;31;173;1;26
199;119;80;1;117
197;88;109;1;91
109;130;-21;0;0
-21;88;-109;0;0
-18;63;-81;1;286
205;69;136;1;65
201;110;91;1;104
195;82;113;1;91
204;77;127;1;78
127;138;-11;0;0
-11;97;-108;0;0
-30;73;-103;1;299
196;104;92;1;104
196;106;90;1;117
207;87;120;1;78
198;115;83;1;117
83;78;5;0;0
5;122;-117;0;0
0;110;-110;1;312
202;93;109;1;91
200;146;54;1;143
197;90;107;1;91
198;84;114;1;91
114;108;6;0;0
6;83;-77;0;0
14;119;-105;1;312
207;89;118;1;78
196;144;52;1;143
195;68;127;1;78
205;112;93;1;104
93;118;-25;0;0
-25;94;-119;0;0
-15;135;-150;1;351
201;105;96;1;104
200;72;128;1;78
206;105;101;1;104
205;93;112;1;91
112;95;17;0;0
17;112;-95;0;0
-4;95;-99;1;299
200;69;131;1;65
196;96;100;1;104
204;132;72;1;130
202;118;84;1;117
84;149;-65;0;0
-65;90;-155;0;0
-38;102;-140;1;338
198;105;93;1;104
197;84;113;1;91
204;94;110;1;91
201;103;98;1;104
98;95;3;0;0
3;60;-57;0;0
47;40;7;1;195
202;55;147;1;52
199;151;48;1;156
204;94;110;1;91
201;126;75;1;130
75;109;-34;0;0
-34;57;-91;0;0
39;129;-90;1;286
196;96;100;1;104
204;141;63;1;143
206;107;99;1;104
203;100;103;1;104
103;169;-66;0;0
-66;111;-177;0;0
-73;93;-166;1;364
198;95;103;1;104
207;106;101;1;104
205;94;111;1;91
202;112;90;1;117
90;112;-22;0;0
-22;110;-132;0;0
-15;131;-146;1;351
205;67;138;1;65
203;75;128;1;78
206;81;125;1;78
203;86;117;1;78
117;75;42;0;0
42;58;-16;0;0
62;116;-54;1;260
206;93;113;1;91
204;72;132;1;65
197;106;91;1;104
195;94;101;1;104
101;106;-5;0;0
-5;82;-87;0;0
17;87;-70;1;273
203;100;103;1;104
207;71;136;1;65
201;120;81;1;117
198;106;92;1;104
92;103;-11;0;0
-11;111;-122;0;0
-18;85;-103;1;299
196;79;117;1;78
195;106;89;1;117
206;110;96;1;104
200;101;99;1;104
99;137;-38;0;0
-38;141;-179;0;0
-75;86;-161;1;364
203;96;107;1;91
198;118;80;1;117
197;123;74;1;130
204;134;70;1;130
70;54;16;0;0
16;129;-113;0;0
17;67;-50;1;247
197;116;81;1;117
198;104;94;1;104
198;132;66;1;130
196;78;118;1;78
118;100;18;0;0
18;116;-98;0;0
-20;128;-148;1;351
203;106;97;1;104
201;118;83;1;117
200;93;107;1;91
198;65;133;1;65
133;95;38;0;0
38;116;-78;0;0
-13;109;-122;1;325
203;112;91;1;104
195;126;69;1;130
199;117;82;1;117
199;101;98;1;104
98;103;-5;0;0
-5;113;-118;0;0
-14;111;-125;1;325
200;96;104;1;91
195;118;77;1;130
207;105;102;1;104
206;142;64;1;143
64;63;1;0;0
1;134;-133;0;0
10;86;-76;1;273
197;96;101;1;104
205;100;105;1;91
196;101;95;1;104
199;86;113;1;91
113;57;56;0;0
56;126;-70;0;0
21;87;-66;1;273
207;151;56;1;143
199;141;58;1;143
201;90;111;1;91
202;85;117;1;78
117;114;3;0;0
3;115;-112;0;0
-34;133;-167;1;364
197;84;113;1;91
204;133;71;1;130
201;117;84;1;117
201;161;40;1;156
40;70;-30;0;0
-30;104;-134;0;0
22;58;-36;1;234
198;109;89;1;117
206;52;154;1;52
206;83;123;1;78
201;103;98;1;104
98;92;6;0;0
6;86;-80;0;0
24;110;-86;1;286
200;115;85;1;117
202;100;102;1;104
206;105;101;1;104
205;70;135;1;65
135;69;66;0;0
66;59;7;0;0
72;89;-17;1;221
204;96;108;1;91
199;135;64;1;143
207;137;70;1;130
200;86;114;1;91
114;113;1;0;0
1;95;-94;0;0
-3;143;-146;1;351
205;102;103;1;104
207;109;98;1;104
202;105;97;1;104
201;85;116;1;91
116;61;55;0;0
55;137;-82;0;0
9;91;-82;1;286
204;84;120;1;78
198;90;108;1;91
199;76;123;1;78
201;63;138;1;65
138;102;36;0;0
36;103;-67;0;0
-2;73;-75;1;273
198;83;115;1;91
206;96;110;1;91
201;98;103;1;104
207;96;111;1;91
111;82;29;0;0
29;87;-58;0;0
33;108;-75;1;273
198;82;116;1;91
207;66;141;1;65
206;103;103;1;104
207;115;92;1;104
92;106;-14;0;0
-14;121;-135;0;0
-31;80;-111;1;312
201;105;96;1;104
200;113;87;1;117
204;71;133;1;65
198;78;120;1;78
120;122;-2;0;0
-2;84;-86;0;0
-8;114;-122;1;325
203;82;121;1;78
199;86;113;1;91
204;110;94;1;104
198;88;110;1;91
110;127;-17;0;0
-17;82;-99;0;0
-8;36;-44;1;247
203;112;91;1;104
195;84;111;1;91
202;28;174;1;26
200;70;130;1;65
130;90;40;0;0
40;127;-87;0;0
-22;96;-118;1;325
207;106;101;1;104
205;86;119;1;78
197;80;117;1;78
195;129;66;1;130
66;137;-71;0;0
-71;109;-180;0;0
-50;96;-146;1;351
205;104;101;1;104
205;101;104;1;91
195;105;90;1;117
207;101;106;1;91
106;100;6;0;0
6;101;-95;0;0
-4;107;-111;1;312
201;150;51;1;156
207;93;114;1;91
205;123;82;1;117
199;78;121;1;78
121;92;29;0;0
29;92;-63;0;0
15;101;-86;1;286
200;48;152;1;52
204;88;116;1;91
207;111;96;1;104
200;50;150;1;52
150;102;48;0;0
48;105;-57;0;0
-5;105;-110;1;312
202;127;75;1;130
205;97;108;1;91
199;75;124;1;78
202;89;113;1;91
113;80;33;0;0
33;42;-9;0;0
82;108;-26;1;221
195;150;45;1;156
201;87;114;1;91
205;83;122;1;78
200;121;79;1;117
79;78;1;0;0
1;95;-94;0;0
23;106;-83;1;286
203;88;115;1;91
206;96;110;1;91
201;51;150;1;52
202;91;111;1;91
111;151;-40;0;0
-40;112;-152;0;0
-61;92;-153;1;351
198;88;110;1;91
201;77;124;1;78
202;94;108;1;91
199;84;115;1;91
115;98;17;0;0
17;56;-39;0;0
52;143;-91;1;286
195;87;108;1;91
199;62;137;1;65
202;95;107;1;91
198;113;85;1;117
85;64;21;0;0
21;128;-107;0;0
10;123;-113;1;312
199;107;92;1;104
196;68;128;1;78
206;111;95;1;104
199;107;92;1;104
92;96;-4;0;0
-4;51;-55;0;0
49;94;-45;1;247
202;130;72;1;130
202;99;103;1;104
207;108;99;1;104
203;108;95;1;104
95;146;-51;0;0
-51;78;-129;0;0
-25;92;-117;1;312
195;84;111;1;91
202;59;143;1;52
195;136;59;1;143
202;102;100;1;104
100;111;-11;0;0
-11;92;-103;0;0
1;72;-71;1;273
202;85;117;1;78
195;112;83;1;117
200;125;75;1;130
205;117;88;1;117
88;108;-20;0;0
-20;114;-134;0;0
-17;86;-103;1;299
196;78;118;1;78
196;88;108;1;91
199;141;58;1;143
201;114;87;1;117
87;90;-3;0;0
-3;121;-124;0;0
-7;71;-78;1;273
195;69;126;1;78
204;70;134;1;65
199;92;107;1;91
198;111;87;1;117
87;85;2;0;0
2;87;-85;0;0
32;113;-81;1;286
205;83;122;1;78
200;125;75;1;130
205;92;113;1;91
204;103;101;1;104
101;115;-14;0;0
-14;115;-129;0;0
-25;104;-129;1;325
196;58;138;1;65
203;97;106;1;91
197;66;131;1;65
196;75;121;1;78
121;102;19;0;0
19;101;-82;0;0
-4;88;-92;1;299
207;101;106;1;91
197;99;98;1;104
202;85;117;1;78
195;142;53;1;143
53;102;-49;0;0
-49;93;-142;0;0
1;100;-99;1;299
200;90;110;1;91
201;84;117;1;78
195;107;88;1;117
205;163;42;1;156
42;53;-11;0;0
-11;108;-119;0;0
37;131;-94;1;299
205;64;141;1;65
206;95;111;1;91
202;112;90;1;117
207;97;110;1;91
110;117;-7;0;0
-7;119;-126;0;0
-35;107;-142;1;338
196;116;80;1;117
197;123;74;1;130
204;150;54;1;143
197;62;135;1;65
135;111;24;0;0
24;109;-85;0;0
-20;98;-118;1;325
207;64;143;1;52
195;110;85;1;117
202;82;120;1;78
198;144;54;1;143
54;92;-38;0;0
-38;87;-125;0;0
18;121;-103;1;299
196;88;108;1;91
199;92;107;1;91
198;101;97;1;104
201;132;69;1;130
69;107;-38;0;0
-38;84;-122;0;0
8;120;-112;1;312
200;83;117;1;78
195;77;118;1;78
196;107;89;1;117
206;116;90;1;117
90;127;-37;0;0
-37;81;-118;0;0
-1;106;-107;1;312
205;100;105;1;91
196;113;83;1;117
200;89;111;1;91
202;100;102;1;104
102;97;5;0;0
5;91;-86;0;0
18;90;-72;1;273
201;97;104;1;91
195;104;91;1;104
195;52;143;1;52
195;103;92;1;104
92;105;-13;0;0
-13;142;-155;0;0
-51;90;-141;1;338
197;129;68;1;130
198;117;81;1;117
198;102;96;1;104
200;94;106;1;91
106;128;-22;0;0
-22;83;-105;0;0
-14;112;-126;1;325
199;112;87;1;117
204;81;123;1;78
201;116;85;1;117
202;110;92;1;104
92;75;17;0;0
17;71;-54;0;0
50;83;-33;1;234
201;82;119;1;78
197;88;109;1;91
200;109;91;1;104
195;88;107;1;91
107;75;32;0;0
32;138;-106;0;0
-15;118;-133;1;338
205;88;117;1;78
195;88;107;1;91
198;84;114;1;91
205;122;83;1;117
83;102;-19;0;0
-19;98;-117;0;0
0;157;-157;1;364
207;91;116;1;91
207;118;89;1;117
206;46;160;1;39
199;126;73;1;130
73;109;-36;0;0
-36;84;-120;0;0
10;73;-63;1;260
197;89;108;1;91
199;112;87;1;117
204;103;101;1;104
205;113;92;1;104
92;112;-20;0;0
-20;80;-100;0;0
4;75;-71;1;273
202;118;84;1;117
201;107;94;1;104
198;60;138;1;65
203;90;113;1;91
113;113;0;0;0
0;88;-88;0;0
3;84;-81;1;286
205;102;103;1;104
207;67;140;1;65
205;148;57;1;143
200;126;74;1;130
74;141;-67;0;0
-67;74;-141;0;0
-11;120;-131;1;338
207;117;90;1;117
207;88;119;1;78
197;111;86;1;117
203;124;79;1;117
79;157;-78;0;0
-78;79;-157;0;0
-40;121;-161;1;364
203;108;95;1;104
199;79;120;1;78
198;49;149;1;52
201;82;119;1;78
119;78;41;0;0
41;97;-56;0;0
22;61;-39;1;234
195;93;102;1;104
206;109;97;1;104
201;114;87;1;117
204;80;124;1;78
124;91;33;0;0
33;103;-70;0;0
8;100;-92;1;299
207;155;52;1;143
195;122;73;1;130
203;142;61;1;143
204;116;88;1;117
88;73;15;0;0
15;90;-75;0;0
42;119;-77;1;273
196;104;92;1;104
196;90;106;1;91
197;107;90;1;117
207;104;103;1;104
103;146;-43;0;0
-43;105;-148;0;0
-44;73;-117;1;312
195;105;90;1;117
207;51;156;1;39
195;84;111;1;91
202;120;82;1;117
82;76;6;0;0
6;87;-81;0;0
36;109;-73;1;273
200;92;108;1;91
199;103;96;1;104
200;94;106;1;91
197;85;112;1;91
112;76;36;0;0
36;121;-85;0;0
6;94;-88;1;286
198;100;98;1;104
202;71;131;1;65
196;75;121;1;78
199;96;103;1;104
103;86;17;0;0
17;102;-85;0;0
19;97;-78;1;273
195;112;83;1;117
200;131;69;1;130
199;95;104;1;91
195;75;120;1;78
120;92;28;0;0
28;104;-76;0;0
2;85;-83;1;286
203;97;106;1;91
197;55;142;1;65
207;47;160;1;39
199;117;82;1;117
82;59;23;0;0
23;80;-57;0;0
60;138;-78;1;273
195;52;143;1;52
195;66;129;1;78
207;149;58;1;143
201;134;67;1;130
67;96;-29;0;0
-29;87;-116;0;0
14;57;-43;1;247
204;117;87;1;117
204;89;115;1;91
206;116;90;1;117
207;90;117;1;78
117;73;44;0;0
44;108;-64;0;0
14;101;-87;1;286
199;40;159;1;39
198;112;86;1;117
203;49;154;1;52
206;95;111;1;91
111;85;26;0;0
26;94;-68;0;0
23;88;-65;1;260
195;115;80;1;117
197;90;107;1;91
198;85;113;1;91
204;71;133;1;65
133;82;51;0;0
51;103;-52;0;0
13;78;-65;1;260
195;118;77;1;130
207;76;131;1;65
196;101;95;1;104
199;109;90;1;117
90;110;-20;0;0
-20;68;-88;0;0
29;107;-78;1;273
195;130;65;1;130
195;89;106;1;91
197;57;140;1;65
205;68;137;1;65
137;65;72;0;0
72;100;-28;0;0
37;116;-79;1;286
207;112;95;1;104
199;113;86;1;117
203;96;107;1;91
198;60;138;1;65
138;119;19;0;0
19;93;-74;0;0
-9;98;-107;1;312
205;96;109;1;91
200;131;69;1;130
199;112;87;1;117
204;96;108;1;91
108;93;15;0;0
15;124;-109;0;0
-18;109;-127;1;325
198;86;112;1;91
203;75;128;1;78
206;82;124;1;78
202;86;116;1;91
116;71;45;0;0
45;100;-55;0;0
36;62;-26;1;221
195;101;94;1;104
198;121;77;1;130
207;99;108;1;91
199;128;71;1;130
71;114;-43;0;0
-43;69;-112;0;0
18;90;-72;1;273
201;127;74;1;130
204;105;99;1;104
203;70;133;1;65
198;105;93;1;104
93;113;-20;0;0
-20;91;-111;0;0
-7;111;-118;1;325
207;81;126;1;78
204;58;146;1;52
198;103;95;1;104
199;102;97;1;104
97;108;-11;0;0
-11;91;-102;0;0
2;83;-81;1;286
205;100;105;1;91
196;88;108;1;91
199;94;105;1;91
196;55;141;1;65
141;100;41;0;0
41;102;-61;0;0
4;107;-103;1;299
196;96;100;1;104
204;76;128;1;78
206;77;129;1;78
207;105;102;1;104
102;137;-35;0;0
-35;137;-172;0;0
-68;102;-170;1;377
207;103;104;1;91
195;85;110;1;91
201;112;89;1;117
206;111;95;1;104
95;99;-4;0;0
-4;74;-78;0;0
26;91;-65;1;260
195;125;70;1;130
200;117;83;1;117
200;108;92;1;104
196;120;76;1;130
76;113;-37;0;0
-37;112;-149;0;0
-19;58;-77;1;273
196;135;61;1;143
204;116;88;1;117
205;51;154;1;52
206;114;92;1;104
92;103;-11;0;0
-11;119;-130;0;0
-26;114;-140;1;338
198;107;91;1;104
195;113;82;1;117
199;88;111;1;91
202;89;113;1;91
113;88;25;0;0
25;104;-79;0;0
12;99;-87;1;286
199;100;99;1;104
203;71;132;1;65
197;90;107;1;91
198;99;99;1;104
99;132;-33;0;0
-33;93;-126;0;0
-22;85;-107;1;312
205;85;120;1;78
198;130;68;1;130
198;96;102;1;104
206;130;76;1;130
76;158;-82;0;0
-82;101;-183;0;0
-53;153;-206;1;403
197;90;107;1;91
198;77;121;1;78
199;143;56;1;143
199;84;115;1;91
115;113;2;0;0
2;135;-133;0;0
-42;97;-139;1;338
199;43;156;1;39
195;129;66;1;130
196;84;112;1;91
203;85;118;1;78
118;94;24;0;0
24;116;-92;0;0
-14;82;-96;1;299
203;98;105;1;91
196;74;122;1;78
200;110;90;1;117
207;84;123;1;78
123;134;-11;0;0
-11;99;-110;0;0
-32;96;-128;1;325
197;81;116;1;91
207;80;127;1;78
205;126;79;1;117
196;124;72;1;130
72;130;-58;0;0
-58;75;-133;0;0
-3;101;-104;1;299
195;52;143;1;52
195;100;95;1;104
199;99;100;1;104
204;83;121;1;78
121;74;47;0;0
47;139;-92;0;0
-14;88;-102;1;299
197;103;94;1;104
198;94;104;1;91
195;85;110;1;91
201;121;80;1;117
80;135;-55;0;0
-55;126;-181;0;0
-64;74;-138;1;338
200;136;64;1;143
207;130;77;1;130
207;86;121;1;78
199;143;56;1;143
56;124;-68;0;0
-68;125;-193;0;0
-50;90;-140;1;338
198;80;118;1;78
196;88;108;1;91
199;113;86;1;117
203;114;89;1;117
89;73;16;0;0
16;88;-72;0;0
45;83;-38;1;234
196;74;122;1;78
200;112;88;1;117
205;84;121;1;78
199;123;76;1;130
76;108;-32;0;0
-32;101;-133;0;0
-3;93;-96;1;299
203;128;75;1;130
205;84;121;1;78
199;98;101;1;104
205;106;99;1;104
99;63;36;0;0
36;105;-69;0;0
35;151;-116;1;312
196;116;80;1;117
197;49;148;1;52
200;110;90;1;117
207;107;100;1;104
100;107;-7;0;0
-7;112;-119;0;0
-15;63;-78;1;273
195;89;106;1;91
197;134;63;1;143
206;97;109;1;91
200;93;107;1;91
107;121;-14;0;0
-14;93;-107;0;0
-16;115;-131;1;338
207;110;97;1;104
201;77;124;1;78
202;98;104;1;91
195;108;87;1;117
87;111;-24;0;0
-24;105;-129;0;0
-12;86;-98;1;299
201;70;131;1;65
196;106;90;1;117
207;108;99;1;104
203;147;56;1;143
56;102;-46;0;0
-46;117;-163;0;0
-20;98;-118;1;325
207;117;90;1;117
207;126;81;1;117
198;64;134;1;65
199;118;81;1;117
81;95;-14;0;0
-14;104;-118;0;0
-1;118;-119;1;325
206;123;83;1;117
200;98;102;1;104
206;74;132;1;65
197;100;97;1;104
97;109;-12;0;0
-12;93;-105;0;0
-1;98;-99;1;299
200;60;140;1;65
205;123;82;1;117
199;129;70;1;130
200;132;68;1;130
68;106;-38;0;0
-38;96;-134;0;0
-4;127;-131;1;338
207;97;110;1;91
201;100;101;1;104
205;93;112;1;91
203;94;109;1;91
109;99;10;0;0
10;88;-78;0;0
13;83;-70;1;273
203;127;76;1;130
206;78;128;1;78
206;106;100;1;104
204;108;96;1;104
96;83;13;0;0
13;122;-109;0;0
-5;138;-143;1;338
195;100;95;1;104
199;79;120;1;78
198;114;84;1;117
201;77;124;1;78
124;70;54;0;0
54;84;-30;0;0
48;72;-24;1;221
197;91;106;1;91
197;115;82;1;117
199;80;119;1;78
197;53;144;1;52
144;59;85;0;0
85;75;10;0;0
62;90;-28;1;234
206;108;98;1;104
202;101;101;1;104
205;69;136;1;65
201;122;79;1;117
79;64;15;0;0
15;103;-88;0;0
29;104;-75;1;273
198;116;82;1;117
199;93;106;1;91
197;101;96;1;104
200;122;78;1;117
78;65;13;0;0
13;127;-114;0;0
3;93;-90;1;286
196;123;73;1;130
203;93;110;1;91
201;117;84;1;117
201;91;110;1;91
110;96;14;0;0
14;85;-71;0;0
20;128;-108;1;312
204;82;122;1;78
200;88;112;1;91
203;103;100;1;104
204;85;119;1;78
119;87;32;0;0
32;70;-38;0;0
40;109;-69;1;273
204;94;110;1;91
201;113;88;1;117
205;120;85;1;117
202;114;88;1;117
88;99;-11;0;0
-11;96;-107;0;0
10;61;-51;1;247
196;136;60;1;143
203;82;121;1;78
199;126;73;1;130
203;107;96;1;104
96;105;-9;0;0
-9;119;-128;0;0
-24;113;-137;1;338
201;94;107;1;91
198;74;124;1;78
202;143;59;1;143
202;131;71;1;130
71;74;-3;0;0
-3;109;-112;0;0
18;112;-94;1;299
205;112;93;1;104
197;113;84;1;117
201;73;128;1;78
206;85;121;1;78
121;136;-15;0;0
-15;126;-141;0;0
-63;91;-154;1;351
197;77;120;1;78
198;117;81;1;117
198;106;92;1;104
196;131;65;1;130
65;83;-18;0;0
-18;129;-147;0;0
-17;89;-106;1;312
206;113;93;1;104
197;106;91;1;104
195;96;99;1;104
203;84;119;1;78
119;82;37;0;0
37;107;-70;0;0
8;139;-131;1;338
207;113;94;1;104
198;77;121;1;78
199;97;102;1;104
206;125;81;1;117
81;104;-23;0;0
-23;115;-138;0;0
-21;80;-101;1;299
198;121;77;1;130
207;91;116;1;91
207;111;96;1;104
200;85;115;1;91
115;119;-4;0;0
-4;98;-102;0;0
-11;78;-89;1;286
197;112;85;1;117
202;121;81;1;117
198;90;108;1;91
199;113;86;1;117
86;89;-3;0;0
-3;67;-70;0;0
47;119;-72;1;273
201;111;90;1;117
207;69;138;1;65
203;91;112;1;91
203;75;128;1;78
128;110;18;0;0
18;103;-85;0;0
-7;110;-117;1;312
195;113;82;1;117
199;128;71;1;130
201;120;81;1;117
198;111;87;1;117
87;133;-46;0;0
-46;119;-165;0;0
-48;106;-154;1;351
197;127;70;1;130
200;82;118;1;78
196;96;100;1;104
204;130;74;1;130
74;73;1;0;0
1;78;-77;0;0
53;96;-43;1;247
204;99;105;1;91
196;85;111;1;91
202;133;69;1;130
199;70;129;1;78
129;139;-10;0;0
-10;158;-168;0;0
-90;142;-232;1;429
197;94;103;1;104
207;113;94;1;104
198;109;89;1;117
206;37;169;1;26
169;93;76;0;0
76;68;8;0;0
34;139;-105;1;312
207;92;115;1;91
206;86;120;1;78
198;140;58;1;143
201;148;53;1;143
53;126;-73;0;0
-73;132;-205;0;0
-62;113;-175;1;377
202;97;105;1;91
196;117;79;1;117
196;87;109;1;91
200;57;143;1;52
143;75;68;0;0
68;85;-17;0;0
35;84;-49;1;247
198;90;108;1;91
199;97;102;1;104
206;123;83;1;117
200;86;114;1;91
114;104;10;0;0
10;117;-107;0;0
-16;122;-138;1;338
200;147;53;1;143
196;122;74;1;130
204;151;53;1;143
196;64;132;1;65
132;117;15;0;0
15;111;-96;0;0
-31;98;-129;1;325
196;124;72;1;130
202;135;67;1;130
197;98;99;1;104
203;115;88;1;117
88;106;-18;0;0
-18;106;-124;0;0
-7;77;-84;1;286
202;102;100;1;104
204;92;112;1;91
203;124;79;1;117
196;119;77;1;130
77;69;8;0;0
8;115;-107;0;0
23;70;-47;1;247
200;124;76;1;130
206;104;102;1;104
206;86;120;1;78
198;123;75;1;130
75;88;-13;0;0
-13;122;-135;0;0
-5;113;-118;1;325
207;113;94;1;104
198;62;136;1;65
201;110;91;1;104
195;102;93;1;104
93;86;7;0;0
7;78;-71;0;0
33;135;-102;1;299
197;98;99;1;104
203;113;90;1;117
207;154;53;1;143
196;79;117;1;78
117;135;-18;0;0
-18;107;-125;0;0
-47;79;-126;1;325
199;131;68;1;130
198;86;112;1;91
203;136;67;1;130
197;87;110;1;91
110;92;18;0;0
18;97;-79;0;0
12;87;-75;1;273
198;118;80;1;117
197;79;118;1;78
196;122;74;1;130
204;96;108;1;91
108;103;5;0;0
5;80;-75;0;0
16;105;-89;1;286
197;112;85;1;117
202;105;97;1;104
201;94;107;1;91
198;108;90;1;117
90;77;13;0;0
13;92;-79;0;0
38;156;-118;1;325
207;118;89;1;117
206;128;78;1;117
195;51;144;1;52
196;130;66;1;130
66;80;-14;0;0
-14;124;-138;0;0
-8;27;-35;1;234
199;132;67;1;130
197;144;53;1;143
196;76;120;1;78
198;78;120;1;78
120;86;34;0;0
34;84;-50;0;0
28;73;-45;1;247
202;113;89;1;117
206;66;140;1;65
205;113;92;1;104
196;67;129;1;78
129;120;9;0;0
9;142;-133;0;0
-55;81;-136;1;338
202;76;126;1;78
204;107;97;1;104
201;158;43;1;156
199;79;120;1;78
120;110;10;0;0
10;75;-65;0;0
13;97;-84;1;286
202;100;102;1;104
206;98;108;1;91
199;64;135;1;65
200;92;108;1;91
108;89;19;0;0
19;80;-61;0;0
30;69;-39;1;234
195;98;97;1;104
201;102;99;1;104
203;135;68;1;130
198;132;66;1;130
66;126;-60;0;0
-60;103;-163;0;0
-33;107;-140;1;338
198;93;105;1;91
196;131;65;1;130
195;96;99;1;104
203;52;151;1;52
151;121;30;0;0
30;115;-85;0;0
-33;114;-147;1;351
204;109;95;1;104
199;94;105;1;91
196;160;36;1;169
205;85;120;1;78
120;60;60;0;0
60;114;-54;0;0
24;84;-60;1;260
200;79;121;1;78
199;104;95;1;104
199;119;80;1;117
197;99;98;1;104
98;120;-22;0;0
-22;58;-80;0;0
24;125;-101;1;299
198;126;72;1;130
202;93;109;1;91
200;74;126;1;78
204;119;85;1;117
85;117;-32;0;0
-32;86;-118;0;0
-1;93;-94;1;299
205;91;114;1;91
205;87;118;1;78
196;88;108;1;91
199;103;96;1;104
96;113;-17;0;0
-17;107;-124;0;0
-20;136;-156;1;351
195;132;63;1;143
206;107;99;1;104
203;71;132;1;65
197;111;86;1;117
86;113;-27;0;0
-27;53;-80;0;0
37;97;-60;1;260
200;112;88;1;117
205;126;79;1;117
196;66;130;1;65
195;93;102;1;104
102;98;4;0;0
4;68;-64;0;0
40;86;-46;1;247
201;93;108;1;91
199;89;110;1;91
201;97;104;1;91
195;77;118;1;78
118;105;13;0;0
13;83;-70;0;0
8;104;-96;1;299
203;86;117;1;78
195;106;89;1;117
206;83;123;1;78
201;97;104;1;91
104;121;-17;0;0
-17;111;-128;0;0
-37;112;-149;1;351
202;120;82;1;117
199;65;134;1;65
199;87;112;1;91
203;103;100;1;104
100;111;-11;0;0
-11;128;-139;0;0
-35;82;-117;1;312
195;96;99;1;104
203;105;98;1;104
202;93;109;1;91
200;128;72;1;130
72;75;-3;0;0
-3;91;-94;0;0
36;103;-67;1;273
206;92;114;1;91
205;119;86;1;117
203;128;75;1;130
205;99;106;1;91
106;96;10;0;0
10;126;-116;0;0
-25;100;-125;1;325
200;81;119;1;78
197;109;88;1;117
205;69;136;1;65
201;83;118;1;78
118;121;-3;0;0
-3;98;-101;0;0
-23;77;-100;1;299
199;97;102;1;104
206;110;96;1;104
200;83;117;1;78
195;80;115;1;91
115;97;18;0;0
18;76;-58;0;0
33;84;-51;1;247
196;68;128;1;78
206;108;98;1;104
202;104;98;1;104
202;98;104;1;91
104;79;25;0;0
25;90;-65;0;0
26;106;-80;1;286
206;93;113;1;91
204;80;124;1;78
202;135;67;1;130
197;93;104;1;91
104;110;-6;0;0
-6;91;-97;0;0
-6;86;-92;1;299
207;81;126;1;78
204;113;91;1;104
195;90;105;1;91
196;77;119;1;78
119;92;27;0;0
27;92;-65;0;0
13;99;-86;1;286
200;74;126;1;78
204;103;101;1;104
205;128;77;1;130
207;124;83;1;117
83;104;-21;0;0
-21;92;-113;0;0
4;117;-113;1;312
199;81;118;1;78
196;116;80;1;117
197;94;103;1;104
207;98;109;1;91
109;122;-13;0;0
-13;105;-118;0;0
-27;84;-111;1;312
201;80;121;1;78
199;80;119;1;78
197;112;85;1;117
202;81;121;1;78
121;94;27;0;0
27;83;-56;0;0
22;121;-99;1;299
200;90;110;1;91
201;86;115;1;91
206;86;120;1;78
198;80;118;1;78
118;99;19;0;0
19;142;-123;0;0
-45;97;-142;1;338
196;98;98;1;104
202;84;118;1;78
196;110;86;1;117
203;87;116;1;91
116;82;34;0;0
34;101;-67;0;0
24;109;-85;1;286
201;93;108;1;91
199;125;74;1;130
204;106;98;1;104
202;116;86;1;117
86;88;-2;0;0
-2;96;-98;0;0
19;127;-108;1;312
204;120;84;1;117
201;42;159;1;39
198;79;119;1;78
197;107;90;1;117
90;101;-11;0;0
-11;115;-126;0;0
-9;107;-116;1;312
196;114;82;1;117
199;105;94;1;104
198;99;99;1;104
203;78;125;1;78
125;135;-10;0;0
-10;83;-93;0;0
-15;134;-149;1;351
202;85;117;1;78
195;122;73;1;130
203;85;118;1;78
196;77;119;1;78
119;101;18;0;0
18;116;-98;0;0
-20;112;-132;1;338
206;106;100;1;104
204;93;111;1;91
202;52;150;1;52
202;103;99;1;104
99;126;-27;0;0
-27;104;-131;0;0
-27;111;-138;1;338
200;102;98;1;104
202;85;117;1;78
195;82;113;1;91
204;112;92;1;104
92;62;30;0;0
30;109;-79;0;0
25;134;-109;1;312
203;111;92;1;104
196;75;121;1;78
199;122;77;1;130
207;95;112;1;91
112;109;3;0;0
3;122;-119;0;0
-28;88;-116;1;312
196;76;120;1;78
198;96;102;1;104
206;104;102;1;104
206;94;112;1;91
112;25;87;0;0
87;74;13;0;0
104;109;-5;1;208
203;128;75;1;130
205;103;102;1;104
206;96;110;1;91
201;88;113;1;91
113;114;-1;0;0
-1;117;-118;0;0
-27;151;-178;1;377
199;113;86;1;117
203;67;136;1;65
201;87;114;1;91
205;97;108;1;91
108;89;19;0;0
19;51;-32;0;0
59;143;-84;1;286
202;155;47;1;156
203;121;82;1;117
199;119;80;1;117
197;85;112;1;91
112;91;21;0;0
21;127;-106;0;0
-15;74;-89;1;286
197;93;104;1;91
195;102;93;1;104
197;117;80;1;117
197;91;106;1;91
106;79;27;0;0
27;115;-88;0;0
3;80;-77;1;273
196;85;111;1;91
202;112;90;1;117
207;128;79;1;117
196;89;107;1;91
107;112;-5;0;0
-5;105;-110;0;0
-19;105;-124;1;325
201;82;119;1;78
197;119;78;1;117
195;109;86;1;117
203;127;76;1;130
76;123;-47;0;0
-47;90;-137;0;0
-7;130;-137;1;338
201;113;88;1;117
205;101;104;1;91
195;94;101;1;104
205;96;109;1;91
109;96;13;0;0
13;146;-133;0;0
-42;81;-123;1;325
202;95;107;1;91
198;129;69;1;130
199;130;69;1;130
199;117;82;1;117
82;102;-20;0;0
-20;108;-128;0;0
-11;50;-61;1;260
199;96;103;1;104
207;117;90;1;117
207;112;95;1;104
199;138;61;1;143
61;77;-16;0;0
-16;84;-100;0;0
43;104;-61;1;260
199;99;100;1;104
204;126;78;1;117
195;90;105;1;91
196;84;112;1;91
112;114;-2;0;0
-2;67;-69;0;0
22;130;-108;1;312
204;99;105;1;91
196;81;115;1;91
206;89;117;1;78
195;68;127;1;78
127;97;30;0;0
30;113;-83;0;0
-5;106;-111;1;312
201;107;94;1;104
198;106;92;1;104
196;90;106;1;91
197;89;108;1;91
108;85;23;0;0
23;113;-90;0;0
1;122;-121;1;325
204;51;153;1;52
205;119;86;1;117
203;102;101;1;104
205;103;102;1;104
102;67;35;0;0
35;103;-68;0;0
36;94;-58;1;260
202;77;125;1;78
203;89;114;1;91
205;153;52;1;143
195;133;62;1;143
62;127;-65;0;0
-65;94;-159;0;0
-16;112;-128;1;325
197;81;116;1;91
207;92;115;1;91
206;63;143;1;52
195;81;114;1;91
114;125;-11;0;0
-11;96;-107;0;0
-16;97;-113;1;312
199;109;90;1;117
207;119;88;1;117
205;85;120;1;78
198;108;90;1;117
90;132;-42;0;0
-42;76;-118;0;0
-1;86;-87;1;286
199;130;69;1;130
199;144;55;1;143
198;46;152;1;52
204;102;102;1;104
102;111;-9;0;0
-9;70;-79;0;0
25;96;-71;1;273
202;131;71;1;130
201;117;84;1;117
201;80;121;1;78
199;102;97;1;104
97;120;-23;0;0
-23;81;-104;0;0
0;111;-111;1;312
201;108;93;1;104
197;89;108;1;91
199;107;92;1;104
196;105;91;1;104
91;108;-17;0;0
-17;71;-88;0;0
16;74;-58;1;260
202;102;100;1;104
204;110;94;1;104
198;101;97;1;104
201;114;87;1;117
87;99;-12;0;0
-12;111;-123;0;0
-6;83;-89;1;286
197;106;91;1;104
195;65;130;1;65
195;118;77;1;130
207;113;94;1;104
94;75;19;0;0
19;84;-65;0;0
39;87;-48;1;247
199;112;87;1;117
204;108;96;1;104
200;113;87;1;117
204;108;96;1;104
96;72;24;0;0
24;73;-49;0;0
55;88;-33;1;234
201;138;63;1;143
206;122;84;1;117
201;96;105;1;91
196;85;111;1;91
111;109;2;0;0
2;104;-102;0;0
-11;88;-99;1;299
200;103;97;1;104
201;105;96;1;104
200;131;69;1;130
199;77;122;1;78
122;82;40;0;0
40;87;-47;0;0
31;100;-69;1;273
204;143;61;1;143
204;98;106;1;91
197;127;70;1;130
200;71;129;1;78
129;133;-4;0;0
-4;107;-111;0;0
-33;149;-182;1;377
195;141;54;1;143
197;95;102;1;104
206;91;115;1;91
206;107;99;1;104
99;97;2;0;0
2;92;-90;0;0
14;104;-90;1;286
196;94;102;1;104
206;72;134;1;65
199;104;95;1;104
199;74;125;1;78
125;105;20;0;0
20;100;-80;0;0
-2;117;-119;1;325
206;149;57;1;143
200;104;96;1;104
200;98;102;1;104
206;74;132;1;65
132;96;36;0;0
36;109;-73;0;0
-8;129;-137;1;338
201;89;112;1;91
203;90;113;1;91
204;92;112;1;91
203;78;125;1;78
125;89;36;0;0
36;76;-40;0;0
38;119;-81;1;286
205;126;79;1;117
196;102;94;1;104
198;116;82;1;117
199;99;100;1;104
100;107;-7;0;0
-7;109;-116;0;0
-12;128;-140;1;338
198;69;129;1;78
207;144;63;1;143
206;44;162;1;39
201;102;99;1;104
99;103;-4;0;0
-4;115;-119;0;0
-15;96;-111;1;312
201;48;153;1;52
205;129;76;1;130
206;116;90;1;117
207;98;109;1;91
109;98;11;0;0
11;103;-92;0;0
-1;82;-83;1;286
203;68;135;1;65
200;108;92;1;104
196;73;123;1;78
201;87;114;1;91
114;109;5;0;0
5;106;-101;0;0
-10;133;-143;1;338
195;75;120;1;78
198;58;140;1;65
205;116;89;1;117
206;99;107;1;91
107;95;12;0;0
12;102;-90;0;0
1;83;-82;1;286
204;65;139;1;65
204;68;136;1;65
201;88;113;1;91
204;72;132;1;65
132;118;14;0;0
14;118;-104;0;0
-39;124;-163;1;364
201;117;84;1;117
201;101;100;1;104
204;118;86;1;117
203;102;101;1;104
101;78;23;0;0
23;94;-71;0;0
33;77;-44;1;247
203;68;135;1;65
200;86;114;1;91
205;91;114;1;91
205;106;99;1;104
99;96;3;0;0
3;140;-137;0;0
-33;121;-154;1;351
197;112;85;1;117
202;114;88;1;117
205;77;128;1;78
206;86;120;1;78
120;92;28;0;0
28;121;-93;0;0
-15;65;-80;1;286
206;92;114;1;91
205;85;120;1;78
198;84;114;1;91
205;136;69;1;130
69;142;-73;0;0
-73;91;-164;0;0
-34;113;-147;1;351
204;103;101;1;104
205;77;128;1;78
206;110;96;1;104
200;88;112;1;91
112;71;41;0;0
41;86;-45;0;0
46;117;-71;1;273
202;82;120;1;78
198;89;109;1;91
200;102;98;1;104
202;110;92;1;104
92;128;-36;0;0
-36;110;-146;0;0
-42;161;-203;1;403
200;116;84;1;117
201;77;124;1;78
202;120;82;1;117
199;116;83;1;117
83;80;3;0;0
3;105;-102;0;0
15;88;-73;1;273
200;107;93;1;104
197;70;127;1;78
205;85;120;1;78
198;87;111;1;91
111;51;60;0;0
60;103;-43;0;0
48;111;-63;1;260
197;60;137;1;65
202;126;76;1;130
206;115;91;1;104
195;93;102;1;104
102;75;27;0;0
27;65;-38;0;0
66;114;-48;1;247
199;119;80;1;117
197;111;86;1;117
203;100;103;1;104
207;84;123;1;78
123;106;17;0;0
17;107;-90;0;0
-12;90;-102;1;299
197;94;103;1;104
207;67;140;1;65
205;123;82;1;117
199;92;107;1;91
107;135;-28;0;0
-28;84;-112;0;0
-21;107;-128;1;325
197;113;84;1;117
201;128;73;1;130
203;43;160;1;39
199;97;102;1;104
102;98;4;0;0
4;122;-118;0;0
-14;79;-93;1;299
206;107;99;1;104
203;140;63;1;143
206;118;88;1;117
205;89;116;1;91
116;88;28;0;0
28;85;-57;0;0
34;108;-74;1;273
199;128;71;1;130
201;89;112;1;91
203;85;118;1;78
196;105;91;1;104
91;45;46;0;0
46;107;-61;0;0
43;109;-66;1;273
207;111;96;1;104
200;92;108;1;91
199;84;115;1;91
206;83;123;1;78
123;84;39;0;0
39;94;-55;0;0
23;90;-67;1;273
206;78;128;1;78
206;111;95;1;104
199;108;91;1;104
195;163;32;1;169
32;90;-58;0;0
-58;122;-180;0;0
-11;57;-68;1;273
205;110;95;1;104
199;80;119;1;78
197;88;109;1;91
200;84;116;1;91
116;81;35;0;0
35;92;-57;0;0
34;50;-16;1;221
205;117;88;1;117
205;90;115;1;91
206;130;76;1;130
206;125;81;1;117
81;102;-21;0;0
-21;116;-137;0;0
-20;99;-119;1;325
206;102;104;1;91
195;155;40;1;156
196;158;38;1;169
207;115;92;1;104
92;84;8;0;0
8;71;-63;0;0
41;86;-45;1;247
202;105;97;1;104
201;78;123;1;78
201;129;72;1;130
202;69;133;1;65
133;109;24;0;0
24;145;-121;0;0
-56;78;-134;1;338
204;69;135;1;65
200;111;89;1;117
206;72;134;1;65
199;103;96;1;104
96;82;14;0;0
14;90;-76;0;0
28;103;-75;1;273
198;127;71;1;130
201;107;94;1;104
198;109;89;1;117
206;78;128;1;78
128;96;32;0;0
32;94;-62;0;0
16;82;-66;1;273
207;111;96;1;104
200;137;63;1;143
206;107;99;1;104
203;113;90;1;117
90;54;36;0;0
36;82;-46;0;0
71;118;-47;1;247
200;135;65;1;130
195;130;65;1;130
195;110;85;1;117
202;83;119;1;78
119;125;-6;0;0
-6;117;-123;0;0
-45;127;-172;1;377
205;107;98;1;104
202;58;144;1;52
196;91;105;1;91
196;99;97;1;104
97;129;-32;0;0
-32;77;-109;0;0
-5;85;-90;1;286
196;87;109;1;91
200;102;98;1;104
202;113;89;1;117
206;93;113;1;91
113;129;-16;0;0
-16;107;-123;0;0
-32;152;-184;1;390
206;148;58;1;143
201;70;131;1;65
196;99;97;1;104
201;75;126;1;78
126;64;62;0;0
62;74;-12;0;0
66;115;-49;1;247
198;101;97;1;104
201;105;96;1;104
200;101;99;1;104
203;87;116;1;91
116;101;15;0;0
15;80;-65;0;0
26;74;-48;1;247
199;143;56;1;143
199;85;114;1;91
205;120;85;1;117
202;70;132;1;65
132;89;43;0;0
43;114;-71;0;0
-6;77;-83;1;286
203;91;112;1;91
203;162;41;1;156
197;86;111;1;91
202;93;109;1;91
109;129;-20;0;0
-20;102;-122;0;0
-31;81;-112;1;312
200;98;102;1;104
206;106;100;1;104
204;117;87;1;117
204;137;67;1;130
67;115;-48;0;0
-48;78;-126;0;0
4;66;-62;1;260
198;104;94;1;104
198;66;132;1;65
197;122;75;1;130
205;126;79;1;117
79;106;-27;0;0
-27;86;-113;0;0
4;140;-136;1;338
202;95;107;1;91
198;60;138;1;65
203;107;96;1;104
200;89;111;1;91
111;118;-7;0;0
-7;114;-121;0;0
-30;124;-154;1;351
197;103;94;1;104
198;106;92;1;104
196;115;81;1;117
198;84;114;1;91
114;138;-24;0;0
-24;106;-130;0;0
-39;92;-131;1;338
207;82;125;1;78
203;89;114;1;91
205;112;93;1;104
197;91;106;1;91
106;55;51;0;0
51;94;-43;0;0
48;123;-75;1;273
198;88;110;1;91
201;86;115;1;91
206;103;103;1;104
207;73;134;1;65
134;120;14;0;0
14;135;-121;0;0
-56;121;-177;1;377
200;67;133;1;65
198;93;105;1;91
196;80;116;1;91
207;99;108;1;91
108;63;45;0;0
45;88;-43;0;0
48;117;-69;1;273
204;95;109;1;91
200;98;102;1;104
206;76;130;1;65
195;123;72;1;130
72;122;-50;0;0
-50;98;-148;0;0
-18;70;-88;1;286
198;63;135;1;65
200;91;109;1;91
200;98;102;1;104
206;77;129;1;78
129;113;16;0;0
16;145;-129;0;0
-51;97;-148;1;351
203;89;114;1;91
205;108;97;1;104
201;90;111;1;91
202;107;95;1;104
95;108;-13;0;0
-13;106;-119;0;0
-15;74;-89;1;286
197;127;70;1;130
200;123;77;1;130
207;144;63;1;143
206;109;97;1;104
97;75;22;0;0
22;125;-103;0;0
1;105;-104;1;299
195;103;92;1;104
196;102;94;1;104
198;91;107;1;91
198;113;85;1;117
85;117;-32;0;0
-32;118;-150;0;0
-33;120;-153;1;351
198;84;114;1;91
205;90;115;1;91
206;87;119;1;78
197;116;81;1;117
81;69;12;0;0
12;99;-87;0;0
30;76;-46;1;247
201;90;111;1;91
202;105;97;1;104
201;129;72;1;130
202;99;103;1;104
103;78;25;0;0
25;102;-77;0;0
27;91;-64;1;260
196;66;130;1;65
195;79;116;1;91
207;106;101;1;104
205;63;142;1;65
142;101;41;0;0
41;112;-71;0;0
-6;70;-76;1;273
197;110;87;1;117
204;112;92;1;104
196;77;119;1;78
197;122;75;1;130
75;76;-1;0;0
-1;128;-129;0;0
1;79;-78;1;273
195;61;134;1;65
199;81;118;1;78
196;122;74;1;130
204;80;124;1;78
124;118;6;0;0
6;121;-115;0;0
-37;89;-126;1;325
199;103;96;1;104
200;82;118;1;78
196;123;73;1;130
203;106;97;1;104
97;99;-2;0;0
-2;94;-96;0;0
8;131;-123;1;325
202;134;68;1;130
198;88;110;1;91
201;89;112;1;91
203;89;114;1;91
114;117;-3;0;0
-3;75;-78;0;0
13;111;-98;1;299
201;105;96;1;104
200;60;140;1;65
205;80;125;1;78
203;108;95;1;104
95;103;-8;0;0
-8;98;-106;0;0
-2;107;-109;1;312
203;105;98;1;104
202;110;92;1;104
196;124;72;1;130
202;138;64;1;143
64;113;-49;0;0
-49;98;-147;0;0
-4;120;-124;1;325
201;76;125;1;78
203;127;76;1;130
206;107;99;1;104
203;120;83;1;117
83;31;52;0;0
52;75;-23;0;0
94;99;-5;1;208
203;70;133;1;65
198;136;62;1;143
205;65;140;1;65
205;64;141;1;65
141;77;64;0;0
64;129;-65;0;0
0;50;-50;1;247
197;134;63;1;143
206;61;145;1;52
197;108;89;1;117
206;90;116;1;91
116;97;19;0;0
19;84;-65;0;0
26;104;-78;1;273
195;88;107;1;91
198;128;70;1;130
200;113;87;1;117
204;65;139;1;65
139;112;27;0;0
27;54;-27;0;0
38;114;-76;1;273
197;78;119;1;78
197;29;168;1;39
207;101;106;1;91
197;97;100;1;104
100;90;10;0;0
10;109;-99;0;0
5;103;-98;1;299
201;64;137;1;65
202;135;67;1;130
197;81;116;1;91
207;132;75;1;130
75;119;-44;0;0
-44;84;-128;0;0
2;33;-31;1;234
203;113;90;1;117
207;57;150;1;52
202;141;61;1;143
204;130;74;1;130
74;94;-20;0;0
-20;84;-104;0;0
26;100;-74;1;273
199;129;70;1;130
200;104;96;1;104
200;111;89;1;117
206;104;102;1;104
102;124;-22;0;0
-22;145;-167;0;0
-63;78;-141;1;338
197;129;68;1;130
198;110;88;1;117
205;107;98;1;104
202;87;115;1;91
115;109;6;0;0
6;102;-96;0;0
-5;44;-49;1;247
198;90;108;1;91
199;116;83;1;117
200;123;77;1;130
207;87;120;1;78
120;116;4;0;0
4;110;-106;0;0
-28;94;-122;1;325
203;110;93;1;104
197;74;123;1;78
201;127;74;1;130
204;92;112;1;91
112;108;4;0;0
4;137;-133;0;0
-42;115;-157;1;364
207;103;104;1;91
195;92;103;1;104
207;73;134;1;65
199;134;65;1;130
65;67;-2;0;0
-2;100;-102;0;0
28;104;-76;1;273
197;72;125;1;78
203;123;80;1;117
197;116;81;1;117
198;94;104;1;91
104;101;3;0;0
3;145;-142;0;0
-51;105;-156;1;351
195;84;111;1;91
202;83;119;1;78
197;89;108;1;91
199;113;86;1;117
86;98;-12;0;0
-12;113;-125;0;0
-8;91;-99;1;299
200;77;123;1;78
201;131;70;1;130
200;105;95;1;104
199;92;107;1;91
107;112;-5;0;0
-5;66;-71;0;0
20;105;-85;1;286
201;145;56;1;143
199;122;77;1;130
207;81;126;1;78
204;99;105;1;91
105;101;4;0;0
4;122;-118;0;0
-27;101;-128;1;325
197;83;114;1;91
205;67;138;1;65
203;106;97;1;104
201;94;107;1;91
107;91;16;0;0
16;73;-57;0;0
34;111;-77;1;273
196;118;78;1;117
195;100;95;1;104
199;111;88;1;117
205;106;99;1;104
99;107;-8;0;0
-8;131;-139;0;0
-35;123;-158;1;364
206;96;110;1;91
201;95;106;1;91
197;113;84;1;117
201;93;108;1;91
108;130;-22;0;0
-22;112;-134;0;0
-43;74;-117;1;312
195;114;81;1;117
198;97;101;1;104
205;90;115;1;91
206;59;147;1;52
147;107;40;0;0
40;64;-24;0;0
28;125;-97;1;299
202;67;135;1;65
200;118;82;1;117
199;69;130;1;65
195;102;93;1;104
93;59;34;0;0
34;108;-74;0;0
30;150;-120;1;325
205;54;151;1;52
203;117;86;1;117
203;78;125;1;78
203;127;76;1;130
76;101;-25;0;0
-25;105;-130;0;0
0;112;-112;1;312
200;82;118;1;78
196;80;116;1;91
207;106;101;1;104
205;73;132;1;65
132;110;22;0;0
22;120;-98;0;0
-33;91;-124;1;325
201;119;82;1;117
199;105;94;1;104
198;110;88;1;117
205;77;128;1;78
128;107;21;0;0
21;64;-43;0;0
35;121;-86;1;286
200;92;108;1;91
199;111;88;1;117
205;81;124;1;78
202;104;98;1;104
98;127;-29;0;0
-29;106;-135;0;0
-31;134;-165;1;364
199;108;91;1;104
195;107;88;1;117
205;121;84;1;117
201;110;91;1;104
91;90;1;0;0
1;117;-116;0;0
-12;113;-125;1;325
200;78;122;1;78
200;112;88;1;117
205;121;84;1;117
201;119;82;1;117
82;92;-10;0;0
-10;91;-101;0;0
16;89;-73;1;273
200;88;112;1;91
203;107;96;1;104
200;120;80;1;117
197;104;93;1;104
93;117;-24;0;0
-24;70;-94;0;0
10;99;-89;1;286
197;114;83;1;117
200;97;103;1;104
207;98;109;1;91
200;93;107;1;91
107;89;18;0;0
18;116;-98;0;0
-7;117;-124;1;325
201;55;146;1;52
198;115;83;1;117
200;115;85;1;117
202;150;52;1;143
52;94;-42;0;0
-42;119;-161;0;0
-18;92;-110;1;312
202;110;92;1;104
196;98;98;1;104
202;124;78;1;117
195;91;104;1;91
104;104;0;0;0
0;117;-117;0;0
-26;91;-117;1;312
195;80;115;1;91
206;94;112;1;91
203;84;119;1;78
197;54;143;1;52
143;105;38;0;0
38;106;-68;0;0
-16;70;-86;1;286
200;91;109;1;91
200;85;115;1;91
206;108;98;1;104
202;83;119;1;78
119;116;3;0;0
3;120;-117;0;0
-39;101;-140;1;338
198;60;138;1;65
203;147;56;1;143
199;114;85;1;117
202;84;118;1;78
118;121;-3;0;0
-3;111;-114;0;0
-36;102;-138;1;338
200;111;89;1;117
206;103;103;1;104
207;115;92;1;104
196;93;103;1;104
103;116;-13;0;0
-13;111;-124;0;0
-20;106;-126;1;325
199;98;101;1;104
205;115;90;1;117
207;125;82;1;117
199;89;110;1;91
110;103;7;0;0
7;73;-66;0;0
25;103;-78;1;273
195;107;88;1;117
205;94;111;1;91
202;57;145;1;52
197;124;73;1;130
73;68;5;0;0
5;133;-128;0;0
2;131;-129;1;325
196;73;123;1;78
201;76;125;1;78
203;55;148;1;52
200;123;77;1;130
77;92;-15;0;0
-15;87;-102;0;0
28;90;-62;1;260
198;132;66;1;130
196;84;112;1;91
203;99;104;1;91
195;103;92;1;104
92;117;-25;0;0
-25;93;-118;0;0
-14;128;-142;1;338
196;104;92;1;104
196;131;65;1;130
195;130;65;1;130
195;106;89;1;117
89;145;-56;0;0
-56;101;-157;0;0
-40;78;-118;1;325
207;96;111;1;91
202;117;85;1;117
202;119;83;1;117
200;106;94;1;104
94;110;-16;0;0
-16;115;-131;0;0
-27;107;-134;1;338
204;32;172;1;26
198;115;83;1;117
200;74;126;1;78
204;110;94;1;104
94;67;27;0;0
27;122;-95;0;0
9;102;-93;1;299
206;111;95;1;104
199;83;116;1;91
207;106;101;1;104
205;123;82;1;117
82;89;-7;0;0
-7;97;-104;0;0
13;102;-89;1;286
197;89;108;1;91
199;101;98;1;104
202;53;149;1;52
201;107;94;1;104
94;69;25;0;0
25;101;-76;0;0
28;92;-64;1;260
196;78;118;1;78
196;109;87;1;117
204;77;127;1;78
205;86;119;1;78
119;88;31;0;0
31;98;-67;0;0
11;85;-74;1;273
199;87;112;1;91
203;89;114;1;91
205;92;113;1;91
204;73;131;1;65
131;91;40;0;0
40;102;-62;0;0
3;95;-92;1;299
207;105;102;1;104
206;72;134;1;65
199;93;106;1;91
197;123;74;1;130
74;75;-1;0;0
-1;84;-85;0;0
45;102;-57;1;260
203;65;138;1;65
203;105;98;1;104
202;77;125;1;78
203;115;88;1;117
88;84;4;0;0
4;132;-128;0;0
-11;109;-120;1;325
205;112;93;1;104
197;94;103;1;104
207;35;172;1;26
198;80;118;1;78
118;78;40;0;0
40;111;-71;0;0
7;75;-68;1;273
205;100;105;1;91
196;103;93;1;104
197;89;108;1;91
199;108;91;1;104
91;78;13;0;0
13;83;-70;0;0
34;119;-85;1;286
201;84;117;1;78
195;98;97;1;104
201;105;96;1;104
200;121;79;1;117
79;107;-28;0;0
-28;59;-87;0;0
30;148;-118;1;325
207;107;100;1;104
204;105;99;1;104
203;65;138;1;65
203;104;99;1;104
99;95;4;0;0
4;109;-105;0;0
-1;56;-57;1;260
203;118;85;1;117
202;97;105;1;91
196;99;97;1;104
201;80;121;1;78
121;111;10;0;0
10;98;-88;0;0
-10;86;-96;1;299
203;123;80;1;117
197;109;88;1;117
205;121;84;1;117
201;132;69;1;130
69;106;-37;0;0
-37;108;-145;0;0
-15;69;-84;1;286
202;98;104;1;91
195;106;89;1;117
206;117;89;1;117
206;109;97;1;104
97;106;-9;0;0
-9;115;-124;0;0
-20;138;-158;1;364
206;72;134;1;65
199;121;78;1;117
195;68;127;1;78
205;124;81;1;117
81;90;-9;0;0
-9;69;-78;0;0
39;97;-58;1;260
202;100;102;1;104
206;62;144;1;52
196;82;114;1;91
205;82;123;1;78
123;82;41;0;0
41;58;-17;0;0
61;105;-44;1;247
203;71;132;1;65
197;86;111;1;91
202;71;131;1;65
196;101;95;1;104
95;81;14;0;0
14;90;-76;0;0
28;104;-76;1;273
197;135;62;1;143
205;72;133;1;65
198;89;109;1;91
200;123;77;1;130
77;83;-6;0;0
-6;98;-104;0;0
26;116;-90;1;286
196;135;61;1;143
204;90;114;1;91
205;119;86;1;117
203;112;91;1;104
91;107;-16;0;0
-16;60;-76;0;0
28;110;-82;1;286
204;80;124;1;78
202;55;147;1;52
199;137;62;1;143
205;118;87;1;117
87;101;-14;0;0
-14;79;-93;0;0
24;114;-90;1;286
196;131;65;1;130
195;115;80;1;117
197;152;45;1;156
201;59;142;1;65
142;86;56;0;0
56;116;-60;0;0
5;106;-101;1;299
198;116;82;1;117
199;79;120;1;78
198;104;94;1;104
198;103;95;1;104
95;58;37;0;0
37;100;-63;0;0
41;154;-113;1;312
199;95;104;1;91
195;87;108;1;91
199;109;90;1;117
207;117;90;1;117
90;132;-42;0;0
-42;80;-122;0;0
-5;116;-121;1;325
204;147;57;1;143
200;75;125;1;78
203;124;79;1;117
196;150;46;1;156
46;115;-69;0;0
-69;97;-166;0;0
-10;103;-113;1;312
199;68;131;1;65
196;128;68;1;130
198;85;113;1;91
204;108;96;1;104
96;90;6;0;0
6;82;-76;0;0
28;101;-73;1;273
200;117;83;1;117
200;137;63;1;143
206;96;110;1;91
201;136;65;1;130
65;112;-47;0;0
-47;114;-161;0;0
-31;84;-115;1;312
197;100;97;1;104
201;83;118;1;78
196;140;56;1;143
199;105;94;1;104
94;113;-19;0;0
-19;118;-137;0;0
-33;99;-132;1;338
206;90;116;1;91
207;47;160;1;39
199;98;101;1;104
205;112;93;1;104
93;102;-9;0;0
-9;103;-112;0;0
-8;45;-53;1;260
207;99;108;1;91
199;96;103;1;104
207;110;97;1;104
201;129;72;1;130
72;111;-39;0;0
-39;112;-151;0;0
-21;116;-137;1;338
201;107;94;1;104
198;61;137;1;65
202;75;127;1;78
205;123;82;1;117
82;55;27;0;0
27;82;-55;0;0
62;71;-9;1;208
199;97;102;1;104
206;83;123;1;78
201;89;112;1;91
203;131;72;1;130
72;112;-40;0;0
-40;63;-103;0;0
27;113;-86;1;286
200;138;62;1;143
205;87;118;1;78
196;121;75;1;130
205;104;101;1;104
101;76;25;0;0
25;89;-64;0;0
40;157;-117;1;312
195;131;64;1;143
207;138;69;1;130
199;61;138;1;65
203;104;99;1;104
99;68;31;0;0
31;97;-66;0;0
38;121;-83;1;286
203;135;68;1;130
198;143;55;1;143
198;73;125;1;78
203;101;102;1;104
102;75;27;0;0
27;98;-71;0;0
33;78;-45;1;247
202;121;81;1;117
198;94;104;1;91
195;115;80;1;117
197;91;106;1;91
106;78;28;0;0
28;82;-54;0;0
37;96;-59;1;260
201;65;136;1;65
201;94;107;1;91
198;138;60;1;143
203;112;91;1;104
91;73;18;0;0
18;124;-106;0;0
-2;82;-84;1;286
202;104;98;1;104
202;49;153;1;52
205;76;129;1;78
207;90;117;1;78
117;100;17;0;0
17;116;-99;0;0
-21;104;-125;1;325
200;98;102;1;104
206;118;88;1;117
205;100;105;1;91
196;109;87;1;117
87;113;-26;0;0
-26;107;-133;0;0
-16;127;-143;1;338
195;50;145;1;52
197;101;96;1;104
200;130;70;1;130
200;78;122;1;78
122;56;66;0;0
66;78;-12;0;0
66;87;-21;1;221
200;103;97;1;104
201;85;116;1;91
207;101;106;1;91
197;84;113;1;91
113;96;17;0;0
17;82;-65;0;0
26;56;-30;1;234
204;129;75;1;130
205;69;136;1;65
201;83;118;1;78
196;96;100;1;104
100;82;18;0;0
18;123;-105;0;0
-1;104;-105;1;312
207;85;122;1;78
200;126;74;1;130
204;104;100;1;104
204;101;103;1;104
103;86;17;0;0
17;71;-54;0;0
50;84;-34;1;234
200;100;100;1;104
204;95;109;1;91
200;106;94;1;104
198;129;69;1;130
69;133;-64;0;0
-64;118;-182;0;0
-52;132;-184;1;390
206;87;119;1;78
197;102;95;1;104
199;87;112;1;91
203;85;118;1;78
118;99;19;0;0
19;92;-73;0;0
5;117;-112;1;312
200;138;62;1;143
205;75;130;1;65
195;111;84;1;117
201;94;107;1;91
107;151;-44;0;0
-44;102;-146;0;0
-55;72;-127;1;325
198;93;105;1;91
196;97;99;1;104
203;96;107;1;91
198;75;123;1;78
123;80;43;0;0
43;85;-42;0;0
36;109;-73;1;273
200;72;128;1;78
206;109;97;1;104
201;95;106;1;91
197;37;160;1;39
160;111;49;0;0
49;79;-30;0;0
9;111;-102;1;299
197;84;113;1;91
204;144;60;1;143
203;90;113;1;91
204;123;81;1;117
81;71;10;0;0
10;85;-75;0;0
42;70;-28;1;234
206;104;102;1;104
206;91;115;1;91
206;100;106;1;91
197;97;100;1;104
100;64;36;0;0
36;108;-72;0;0
32;100;-68;1;273
205;91;114;1;91
205;81;124;1;78
202;84;118;1;78
196;112;84;1;117
84;93;-9;0;0
-9;105;-114;0;0
3;132;-129;1;325
196;97;99;1;104
203;101;102;1;104
206;110;96;1;104
200;75;125;1;78
125;116;9;0;0
9;140;-131;0;0
-53;88;-141;1;338
197;134;63;1;143
206;70;136;1;65
201;82;119;1;78
197;119;78;1;117
78;100;-22;0;0
-22;78;-100;0;0
17;106;-89;1;286
197;112;85;1;117
202;90;112;1;91
203;74;129;1;78
207;89;118;1;78
118;79;39;0;0
39;97;-58;0;0
20;114;-94;1;299
205;61;144;1;52
196;101;95;1;104
199;98;101;1;104
205;109;96;1;104
96;61;35;0;0
35;114;-79;0;0
25;99;-74;1;273
199;111;88;1;117
205;78;127;1;78
205;104;101;1;104
205;97;108;1;91
108;132;-24;0;0
-24;123;-147;0;0
-56;111;-167;1;364
197;83;114;1;91
205;72;133;1;65
198;86;112;1;91
203;95;108;1;91
108;69;39;0;0
39;88;-49;0;0
42;65;-23;1;221
198;132;66;1;130
196;133;63;1;143
206;101;105;1;91
196;92;104;1;91
104;81;23;0;0
23;118;-95;0;0
-4;98;-102;1;299
197;95;102;1;104
206;100;106;1;91
197;68;129;1;78
207;78;129;1;78
129;145;-16;0;0
-16;72;-88;0;0
-10;105;-115;1;312
197;96;101;1;104
205;111;94;1;104
198;87;111;1;91
202;106;96;1;104
96;108;-12;0;0
-12;127;-139;0;0
-35;66;-101;1;299
198;100;98;1;104
202;130;72;1;130
202;127;75;1;130
205;107;98;1;104
98;94;4;0;0
4;156;-152;0;0
-48;97;-145;1;351
206;78;128;1;78
206;82;124;1;78
202;94;108;1;91
199;112;87;1;117
87;97;-10;0;0
-10;111;-121;0;0
-4;71;-75;1;273
198;94;104;1;91
195;105;90;1;117
207;128;79;1;117
196;95;101;1;104
101;130;-29;0;0
-29;118;-147;0;0
-43;72;-115;1;312
197;96;101;1;104
205;132;73;1;130
203;116;87;1;117
204;90;114;1;91
114;128;-14;0;0
-14;80;-94;0;0
-3;108;-111;1;312
201;76;125;1;78
203;129;74;1;130
204;96;108;1;91
199;104;95;1;104
95;82;13;0;0
13;115;-102;0;0
2;131;-129;1;325
196;104;92;1;104
196;118;78;1;117
195;105;90;1;117
207;77;130;1;65
130;72;58;0;0
58;89;-31;0;0
34;123;-89;1;286
197;108;89;1;117
206;82;124;1;78
202;38;164;1;39
203;104;99;1;104
99;151;-52;0;0
-52;133;-185;0;0
-81;119;-200;1;403
203;65;138;1;65
203;114;89;1;117
206;83;123;1;78
201;86;115;1;91
115;104;11;0;0
11;101;-90;0;0
1;82;-81;1;286
205;83;122;1;78
200;88;112;1;91
203;92;111;1;91
202;75;127;1;78
127;100;27;0;0
27;97;-70;0;0
8;119;-111;1;312
201;100;101;1;104
205;114;91;1;104
195;87;108;1;91
199;122;77;1;130
77;110;-33;0;0
-33;71;-104;0;0
26;94;-68;1;273
205;114;91;1;104
195;88;107;1;91
198;83;115;1;91
206;129;77;1;130
77;109;-32;0;0
-32;136;-168;0;0
-38;124;-162;1;364
202;114;88;1;117
205;115;90;1;117
207;102;105;1;91
196;71;125;1;78
125;56;69;0;0
69;87;-18;0;0
60;79;-19;1;221
202;118;84;1;117
201;105;96;1;104
200;101;99;1;104
203;103;100;1;104
100;127;-27;0;0
-27;109;-136;0;0
-32;100;-132;1;338
206;75;131;1;65
196;97;99;1;104
203;74;129;1;78
207;100;107;1;91
107;104;3;0;0
3;137;-134;0;0
-43;101;-144;1;351
207;101;106;1;91
197;96;101;1;104
205;102;103;1;104
207;57;150;1;52
150;64;86;0;0
86;83;3;0;0
55;143;-88;1;286
198;146;52;1;143
195;96;99;1;104
203;105;98;1;104
202;88;114;1;91
114;83;31;0;0
31;99;-68;0;0
23;131;-108;1;312
204;97;107;1;91
198;104;94;1;104
198;70;128;1;78
206;124;82;1;117
82;125;-43;0;0
-43;72;-115;0;0
2;102;-100;1;299
199;108;91;1;104
195;87;108;1;91
199;82;117;1;78
195;91;104;1;91
104;104;0;0;0
0;126;-126;0;0
-35;85;-120;1;325
205;107;98;1;104
202;122;80;1;117
197;96;101;1;104
205;150;55;1;143
55;109;-54;0;0
-54;102;-156;0;0
-13;118;-131;1;338
207;96;111;1;91
202;101;101;1;104
205;105;100;1;104
204;104;100;1;104
100;108;-8;0;0
-8;91;-99;0;0
5;113;-108;1;312
204;76;128;1;78
206;137;69;1;130
199;102;97;1;104
201;70;131;1;65
131;139;-8;0;0
-8;134;-142;0;0
-77;103;-180;1;377
197;93;104;1;91
195;91;104;1;91
195;115;80;1;117
197;72;125;1;78
125;93;32;0;0
32;99;-67;0;0
11;117;-106;1;312
206;82;124;1;78
202;119;83;1;117
200;126;74;1;130
204;122;82;1;117
82;89;-7;0;0
-7;93;-100;0;0
17;44;-27;1;234
207;102;105;1;91
196;116;80;1;117
197;107;90;1;117
207;125;82;1;117
82;144;-62;0;0
-62;62;-124;0;0
-7;90;-97;1;299
202;107;95;1;104
199;80;119;1;78
197;130;67;1;130
197;96;101;1;104
101;62;39;0;0
39;91;-52;0;0
52;89;-37;1;234
197;109;88;1;117
205;78;127;1;78
205;95;110;1;91
201;65;136;1;65
136;91;45;0;0
45;92;-47;0;0
18;101;-83;1;286
203;85;118;1;78
196;121;75;1;130
205;117;88;1;117
205;73;132;1;65
132;83;49;0;0
49;91;-42;0;0
23;96;-73;1;273
200;91;109;1;91
200;75;125;1;78
203;132;71;1;130
201;92;109;1;91
109;78;31;0;0
31;106;-75;0;0
16;110;-94;1;299
205;90;115;1;91
206;91;115;1;91
206;76;130;1;65
195;132;63;1;143
63;115;-52;0;0
-52;90;-142;0;0
1;148;-147;1;351
204;155;49;1;156
205;94;111;1;91
202;105;97;1;104
201;71;130;1;65
130;83;47;0;0
47;82;-35;0;0
30;100;-70;1;273
203;115;88;1;117
205;129;76;1;130
206;147;59;1;143
202;72;130;1;65
130;71;59;0;0
59;99;-40;0;0
25;68;-43;1;247
204;97;107;1;91
198;88;110;1;91
201;74;127;1;78
205;111;94;1;104
94;108;-14;0;0
-14;68;-82;0;0
22;88;-66;1;273
207;127;80;1;117
197;102;95;1;104
199;110;89;1;117
206;107;99;1;104
99;103;-4;0;0
-4;116;-120;0;0
-16;98;-114;1;312
198;85;113;1;91
204;144;60;1;143
203;115;88;1;117
205;109;96;1;104
96;130;-34;0;0
-34;111;-145;0;0
-41;76;-117;1;312
195;112;83;1;117
200;71;129;1;78
207;121;86;1;117
203;95;108;1;91
108;84;24;0;0
24;129;-105;0;0
-14;110;-124;1;325
201;76;125;1;78
203;106;97;1;104
201;98;103;1;104
207;108;99;1;104
99;143;-44;0;0
-44;103;-147;0;0
-43;108;-151;1;351
200;101;99;1;104
203;106;97;1;104
201;57;144;1;52
196;87;109;1;91
109;117;-8;0;0
-8;100;-108;0;0
-17;119;-136;1;338
202;96;106;1;91
197;87;110;1;91
201;87;114;1;91
205;100;105;1;91
105;98;7;0;0
7;117;-110;0;0
-19;101;-120;1;325
205;79;126;1;78
204;89;115;1;91
206;109;97;1;104
201;109;92;1;104
92;95;-3;0;0
-3;65;-68;0;0
36;112;-76;1;273
197;66;131;1;65
196;110;86;1;117
203;134;69;1;130
199;122;77;1;130
77;123;-46;0;0
-46;116;-162;0;0
-32;98;-130;1;325
195;98;97;1;104
201;119;82;1;117
199;89;110;1;91
201;61;140;1;65
140;82;58;0;0
58;51;7;0;0
72;122;-50;1;247
197;96;101;1;104
205;102;103;1;104
207;112;95;1;104
199;107;92;1;104
92;78;14;0;0
14;92;-78;0;0
26;73;-47;1;247
200;102;98;1;104
202;100;102;1;104
206;76;130;1;65
195;91;104;1;91
104;89;15;0;0
15;72;-57;0;0
34;112;-78;1;273
195;76;119;1;78
197;126;71;1;130
201;130;71;1;130
201;94;107;1;91
107;89;18;0;0
18;134;-116;0;0
-25;101;-126;1;325
199;51;148;1;52
200;116;84;1;117
201;88;113;1;91
204;101;103;1;104
103;68;35;0;0
35;94;-59;0;0
45;93;-48;1;247
199;101;98;1;104
202;128;74;1;130
204;110;94;1;104
198;36;162;1;39
162;115;47;0;0
47;125;-78;0;0
-39;60;-99;1;299
200;101;99;1;104
203;116;87;1;117
204;115;89;1;117
206;103;103;1;104
103;92;11;0;0
11;127;-116;0;0
-12;111;-123;1;325
202;113;89;1;117
206;112;94;1;104
198;102;96;1;104
200;58;142;1;65
142;129;13;0;0
13;83;-70;0;0
-5;59;-64;1;260
196;109;87;1;117
204;55;149;1;52
201;129;72;1;130
202;123;79;1;117
79;99;-20;0;0
-20;87;-107;0;0
10;98;-88;1;286
198;130;68;1;130
198;106;92;1;104
196;95;101;1;104
205;77;128;1;78
128;82;46;0;0
46;84;-38;0;0
40;126;-86;1;286
200;153;47;1;156
203;120;83;1;117
200;86;114;1;91
205;93;112;1;91
112;81;31;0;0
31;82;-51;0;0
40;162;-122;1;325
203;99;104;1;91
195;124;71;1;130
201;65;136;1;65
201;85;116;1;91
116;98;18;0;0
18;129;-111;0;0
-20;67;-87;1;286
199;117;82;1;117
199;68;131;1;65
196;134;62;1;143
205;126;79;1;117
79;91;-12;0;0
-12;82;-94;0;0
23;95;-72;1;273
201;103;98;1;104
202;102;100;1;104
204;102;102;1;104
206;84;122;1;78
122;116;6;0;0
6;143;-137;0;0
-59;95;-154;1;351
197;93;104;1;91
195;140;55;1;143
198;87;111;1;91
202;108;94;1;104
94;87;7;0;0
7;119;-112;0;0
-8;73;-81;1;286
205;89;116;1;91
207;141;66;1;130
196;143;53;1;143
196;86;110;1;91
110;134;-24;0;0
-24;126;-150;0;0
-59;82;-141;1;338
197;76;121;1;78
199;80;119;1;78
197;95;102;1;104
206;94;112;1;91
112;100;12;0;0
12;110;-98;0;0
-7;93;-100;1;299
199;94;105;1;91
196;115;81;1;117
198;124;74;1;130
204;73;131;1;65
131;85;46;0;0
46;121;-75;0;0
-10;76;-86;1;286
200;56;144;1;52
196;64;132;1;65
197;52;145;1;52
197;73;124;1;78
124;91;33;0;0
33;93;-60;0;0
18;81;-63;1;260
197;105;92;1;104
196;83;113;1;91
204;78;126;1;78
204;76;128;1;78
128;66;62;0;0
62;108;-46;0;0
32;113;-81;1;286
205;85;120;1;78
198;63;135;1;65
200;116;84;1;117
201;110;91;1;104
91;95;-4;0;0
-4;53;-57;0;0
47;97;-50;1;247
197;157;40;1;156
196;88;108;1;91
199;72;127;1;78
205;114;91;1;104
91;77;14;0;0
14;136;-122;0;0
-18;94;-112;1;312
200;121;79;1;117
196;117;79;1;117
196;149;47;1;156
203;111;92;1;104
92;84;8;0;0
8;103;-95;0;0
9;78;-69;1;273
204;126;78;1;117
195;96;99;1;104
203;117;86;1;117
203;101;102;1;104
102;142;-40;0;0
-40;103;-143;0;0
-39;93;-132;1;338
206;69;137;1;65
202;111;91;1;104
195;114;81;1;117
198;104;94;1;104
94;101;-7;0;0
-7;143;-150;0;0
-46;97;-143;1;338
195;82;113;1;91
204;66;138;1;65
203;83;120;1;78
198;135;63;1;143
63;82;-19;0;0
-19;103;-122;0;0
21;78;-57;1;260
203;111;92;1;104
196;95;101;1;104
205;71;134;1;65
199;24;175;1;26
175;89;86;0;0
86;123;-37;0;0
-11;135;-146;1;351
205;120;85;1;117
202;99;103;1;104
207;64;143;1;52
195;114;81;1;117
81;133;-52;0;0
-52;113;-165;0;0
-48;116;-164;1;364
200;99;101;1;104
205;136;69;1;130
199;88;111;1;91
202;122;80;1;117
80;90;-10;0;0
-10;76;-86;0;0
31;91;-60;1;260
200;96;104;1;91
195;102;93;1;104
197;100;97;1;104
201;115;86;1;117
86;129;-43;0;0
-43;115;-158;0;0
-41;50;-91;1;286
195;98;97;1;104
201;118;83;1;117
200;123;77;1;130
207;78;129;1;78
129;91;38;0;0
38;95;-57;0;0
21;110;-89;1;286
197;84;113;1;91
204;115;89;1;117
206;111;95;1;104
199;124;75;1;130
75;112;-37;0;0
-37;106;-143;0;0
-13;99;-112;1;312
200;102;98;1;104
202;112;90;1;117
207;137;70;1;130
200;109;91;1;104
91;111;-20;0;0
-20;101;-121;0;0
-17;93;-110;1;312
202;108;94;1;104
198;91;107;1;91
198;92;106;1;91
197;129;68;1;130
68;99;-31;0;0
-31;68;-99;0;0
31;76;-45;1;247
202;55;147;1;52
199;60;139;1;65
204;88;116;1;91
207;123;84;1;117
84;73;11;0;0
11;89;-78;0;0
39;117;-78;1;273
195;99;96;1;104
200;84;116;1;91
207;131;76;1;130
206;78;128;1;78
128;112;16;0;0
16;78;-62;0;0
16;88;-72;1;273
201;137;64;1;143
207;137;70;1;130
200;128;72;1;130
202;112;90;1;117
90;102;-12;0;0
-12;79;-91;0;0
26;146;-120;1;325
205;108;97;1;104
201;94;107;1;91
198;91;107;1;91
198;85;113;1;91
113;67;46;0;0
46;110;-64;0;0
27;115;-88;1;286
198;164;34;1;169
203;96;107;1;91
198;90;108;1;91
199;73;126;1;78
126;87;39;0;0
39;90;-51;0;0
27;102;-75;1;273
198;100;98;1;104
202;96;106;1;91
197;107;90;1;117
207;113;94;1;104
94;111;-17;0;0
-17;132;-149;0;0
-45;75;-120;1;325
205;83;122;1;78
200;95;105;1;91
196;41;155;1;52
207;101;106;1;91
106;91;15;0;0
15;68;-53;0;0
38;107;-69;1;273
204;97;107;1;91
198;81;117;1;78
195;98;97;1;104
201;86;115;1;91
115;95;20;0;0
20;94;-74;0;0
17;85;-68;1;273
205;73;132;1;65
197;113;84;1;117
201;79;122;1;78
200;110;90;1;117
90;112;-22;0;0
-22;79;-101;0;0
16;107;-91;1;286
195;115;80;1;117
197;90;107;1;91
198;101;97;1;104
201;118;83;1;117
83;113;-30;0;0
-30;118;-148;0;0
-31;118;-149;1;351
202;82;120;1;78
198;88;110;1;91
201;120;81;1;117
198;107;91;1;104
91;78;13;0;0
13;85;-72;0;0
32;76;-44;1;247
203;155;48;1;156
204;115;89;1;117
206;100;106;1;91
197;119;78;1;117
78;117;-39;0;0
-39;83;-122;0;0
-5;134;-139;1;338
199;58;141;1;65
206;125;81;1;117
198;182;16;1;182
198;114;84;1;117
84;103;-19;0;0
-19;99;-118;0;0
-1;63;-64;1;260
196;87;109;1;91
200;90;110;1;91
201;60;141;1;65
206;55;151;1;52
151;97;54;0;0
54;117;-63;0;0
-11;79;-90;1;286
196;110;86;1;117
203;102;101;1;104
205;99;106;1;91
197;92;105;1;91
105;130;-25;0;0
-25;142;-167;0;0
-76;84;-160;1;364
204;91;113;1;91
204;90;114;1;91
205;86;119;1;78
197;106;91;1;104
91;126;-35;0;0
-35;68;-103;0;0
1;133;-132;1;338
206;99;107;1;91
198;89;109;1;91
200;73;127;1;78
205;122;83;1;117
83;76;7;0;0
7;89;-82;0;0
35;131;-96;1;299
203;96;107;1;91
198;69;129;1;78
207;75;132;1;65
197;60;137;1;65
137;95;42;0;0
42;91;-49;0;0
16;99;-83;1;286
203;140;63;1;143
206;64;142;1;65
207;93;114;1;91
205;122;83;1;117
83;114;-31;0;0
-31;143;-174;0;0
-57;143;-200;1;403
203;111;92;1;104
196;112;84;1;117
201;85;116;1;91
207;128;79;1;117
79;97;-18;0;0
-18;68;-86;0;0
31;109;-78;1;273
195;124;71;1;130
201;125;76;1;130
206;67;139;1;65
204;117;87;1;117
87;103;-16;0;0
-16;96;-112;0;0
5;126;-121;1;325
204;92;112;1;91
203;52;151;1;52
203;97;106;1;91
197;127;70;1;130
70;165;-95;0;0
-95;128;-223;0;0
-93;74;-167;1;364
197;101;96;1;104
200;79;121;1;78
199;84;115;1;91
206;86;120;1;78
120;86;34;0;0
34;79;-45;0;0
33;85;-52;1;247
195;114;81;1;117
198;95;103;1;104
207;47;160;1;39
199;136;63;1;143
63;58;5;0;0
5;96;-91;0;0
52;112;-60;1;260
200;86;114;1;91
205;77;128;1;78
206;106;100;1;104
204;131;73;1;130
73;120;-47;0;0
-47;113;-160;0;0
-30;135;-165;1;364
199;111;88;1;117
205;134;71;1;130
201;119;82;1;117
199;93;106;1;91
106;94;12;0;0
12;108;-96;0;0
-5;79;-84;1;286
202;100;102;1;104
206;66;140;1;65
205;80;125;1;78
203;77;126;1;78
126;97;29;0;0
29;99;-70;0;0
8;100;-92;1;299
207;102;105;1;91
196;101;95;1;104
199;90;109;1;91
200;77;123;1;78
123;85;38;0;0
38;91;-53;0;0
25;93;-68;1;273
205;109;96;1;104
200;91;109;1;91
200;113;87;1;117
204;86;118;1;78
118;131;-13;0;0
-13;87;-100;0;0
-22;151;-173;1;377
204;45;159;1;39
198;136;62;1;143
205;110;95;1;104
199;128;71;1;130
71;106;-35;0;0
-35;117;-152;0;0
-22;86;-108;1;312
204;78;126;1;78
204;125;79;1;117
196;106;90;1;117
207;94;113;1;91
113;95;18;0;0
18;84;-66;0;0
25;77;-52;1;247
195;118;77;1;130
207;90;117;1;78
195;74;121;1;78
199;83;116;1;91
116;137;-21;0;0
-21;95;-116;0;0
-25;109;-134;1;338
204;119;85;1;117
202;98;104;1;91
195;85;110;1;91
201;117;84;1;117
84;63;21;0;0
21;116;-95;0;0
22;101;-79;1;286
207;111;96;1;104
200;68;132;1;65
197;85;112;1;91
203;120;83;1;117
83;118;-35;0;0
-35;131;-166;0;0
-49;78;-127;1;325
198;61;137;1;65
202;96;106;1;91
197;102;95;1;104
199;115;84;1;117
84;58;26;0;0
26;109;-83;0;0
34;134;-100;1;299
199;103;96;1;104
200;59;141;1;65
206;88;118;1;78
196;66;130;1;65
130;92;38;0;0
38;93;-55;0;0
10;108;-98;1;299
201;108;93;1;104
197;100;97;1;104
201;128;73;1;130
203;93;110;1;91
110;113;-3;0;0
-3;92;-95;0;0
-4;92;-96;1;299
203;60;143;1;52
195;108;87;1;117
204;119;85;1;117
202;77;125;1;78
125;103;22;0;0
22;107;-85;0;0
-7;123;-130;1;325
195;150;45;1;156
201;80;121;1;78
199;84;115;1;91
206;120;86;1;117
86;69;17;0;0
17;109;-92;0;0
25;111;-86;1;286
200;136;64;1;143
207;132;75;1;130
205;72;133;1;65
198;124;74;1;130
74;122;-48;0;0
-48;108;-156;0;0
-26;95;-121;1;325
204;124;80;1;117
197;125;72;1;130
202;128;74;1;130
204;70;134;1;65
134;82;52;0;0
52;104;-52;0;0
13;95;-82;1;286
204;113;91;1;104
195;104;91;1;104
195;91;104;1;91
195;118;77;1;130
77;98;-21;0;0
-21;104;-125;0;0
5;116;-111;1;312
201;131;70;1;130
200;75;125;1;78
203;109;94;1;104
198;62;136;1;65
136;101;35;0;0
35;81;-46;0;0
19;131;-112;1;312
200;89;111;1;91
202;66;136;1;65
201;83;118;1;78
196;131;65;1;130
65;66;-1;0;0
-1;96;-97;0;0
33;107;-74;1;273
199;145;54;1;143
197;104;93;1;104
197;106;91;1;104
195;102;93;1;104
93;74;19;0;0
19;94;-75;0;0
29;124;-95;1;299
204;95;109;1;91
200;114;86;1;117
203;132;71;1;130
201;97;104;1;91
104;104;0;0;0
0;99;-99;0;0
-8;44;-52;1;247
195;64;131;1;65
196;104;92;1;104
196;90;106;1;91
197;115;82;1;117
82;83;-1;0;0
-1;131;-132;0;0
-15;89;-104;1;299
195;85;110;1;91
201;65;136;1;65
201;112;89;1;117
206;100;106;1;91
106;124;-18;0;0
-18;132;-150;0;0
-59;58;-117;1;312
195;99;96;1;104
200;93;107;1;91
198;100;98;1;104
202;107;95;1;104
95;109;-14;0;0
-14;67;-81;0;0
23;131;-108;1;312
204;76;128;1;78
206;97;109;1;91
200;116;84;1;117
201;96;105;1;91
105;105;0;0;0
0;123;-123;0;0
-32;93;-125;1;325
200;137;63;1;143
206;106;100;1;104
204;101;103;1;104
207;72;135;1;65
135;107;28;0;0
28;106;-78;0;0
-13;82;-95;1;299
204;106;98;1;104
202;123;79;1;117
196;129;67;1;130
197;152;45;1;156
45;98;-53;0;0
-53;104;-157;0;0
-1;82;-83;1;286
203;97;106;1;91
197;99;98;1;104
202;79;123;1;78
201;101;100;1;104
100;71;29;0;0
29;132;-103;0;0
1;85;-84;1;286
202;122;80;1;117
197;84;113;1;91
204;59;145;1;52
197;131;66;1;130
66;78;-12;0;0
-12;105;-117;0;0
13;129;-116;1;312
196;120;76;1;130
206;95;111;1;91
202;94;108;1;91
199;118;81;1;117
81;107;-26;0;0
-26;87;-113;0;0
4;117;-113;1;312
199;105;94;1;104
198;94;104;1;91
195;165;30;1;169
199;128;71;1;130
71;104;-33;0;0
-33;107;-140;0;0
-10;62;-72;1;273
201;60;141;1;65
206;104;102;1;104
206;99;107;1;91
198;48;150;1;52
150;104;46;0;0
46;95;-49;0;0
3;86;-83;1;286
203;119;84;1;117
201;102;99;1;104
203;150;53;1;143
196;105;91;1;104
91;107;-16;0;0
-16;80;-96;0;0
8;91;-83;1;286
203;98;105;1;91
196;79;117;1;78
195;94;101;1;104
205;96;109;1;91
109;122;-13;0;0
-13;134;-147;0;0
-56;89;-145;1;351
206;98;108;1;91
199;85;114;1;91
205;135;70;1;130
200;97;103;1;104
103;116;-13;0;0
-13;137;-150;0;0
-46;116;-162;1;364
202;95;107;1;91
198;103;95;1;104
199;110;89;1;117
206;120;86;1;117
86;105;-19;0;0
-19;84;-103;0;0
14;119;-105;1;312
207;114;93;1;104
197;107;90;1;117
207;91;116;1;91
207;85;122;1;78
122;101;21;0;0
21;124;-103;0;0
-25;78;-103;1;299
196;100;96;1;104
200;71;129;1;78
207;63;144;1;52
196;97;99;1;104
99;84;15;0;0
15;111;-96;0;0
8;114;-106;1;312
206;99;107;1;91
198;78;120;1;78
198;131;67;1;130
197;127;70;1;130
70;92;-22;0;0
-22;121;-143;0;0
-13;89;-102;1;299
197;106;91;1;104
195;63;132;1;65
197;83;114;1;91
205;91;114;1;91
114;109;5;0;0
5;111;-106;0;0
-15;78;-93;1;299
206;109;97;1;104
201;116;85;1;117
202;98;104;1;91
195;104;91;1;104
91;44;47;0;0
47;90;-43;0;0
61;100;-39;1;234
195;97;98;1;104
202;108;94;1;104
198;121;77;1;130
207;92;115;1;91
115;86;29;0;0
29;80;-51;0;0
40;112;-72;1;273
201;107;94;1;104
198;122;76;1;130
206;95;111;1;91
202;103;99;1;104
99;127;-28;0;0
-28;94;-122;0;0
-18;93;-111;1;312
201;88;113;1;91
204;122;82;1;117
199;117;82;1;117
199;76;123;1;78
123;116;7;0;0
7;119;-112;0;0
-34;108;-142;1;338
196;151;45;1;156
201;112;89;1;117
206;137;69;1;130
199;86;113;1;91
113;86;27;0;0
27;93;-66;0;0
25;65;-40;1;247
207;92;115;1;91
206;95;111;1;91
202;122;80;1;117
197;107;90;1;117
90;123;-33;0;0
-33;96;-129;0;0
-12;104;-116;1;312
196;109;87;1;117
204;97;107;1;91
198;163;35;1;169
204;93;111;1;91
111;102;9;0;0
9;112;-103;0;0
-12;98;-110;1;312
202;96;106;1;91
197;108;89;1;117
206;103;103;1;104
207;60;147;1;52
147;105;42;0;0
42;104;-62;0;0
-10;99;-109;1;312
203;117;86;1;117
203;91;112;1;91
203;100;103;1;104
207;119;88;1;117
88;53;35;0;0
35;87;-52;0;0
65;82;-17;1;221
204;122;82;1;117
199;99;100;1;104
204;94;110;1;91
201;113;88;1;117
88;92;-4;0;0
-4;72;-76;0;0
41;109;-68;1;273
205;70;135;1;65
200;108;92;1;104
196;125;71;1;130
201;82;119;1;78
119;116;3;0;0
3;99;-96;0;0
-18;113;-131;1;338
207;103;104;1;91
195;80;115;1;91
206;132;74;1;130
204;108;96;1;104
96;122;-26;0;0
-26;88;-114;0;0
-10;135;-145;1;351
206;79;127;1;78
205;94;111;1;91
202;75;127;1;78
205;108;97;1;104
97;78;19;0;0
19;101;-82;0;0
22;113;-91;1;286
195;92;103;1;104
207;62;145;1;52
197;68;129;1;78
207;107;100;1;104
100;101;-1;0;0
-1;124;-125;0;0
-21;115;-136;1;338
202;157;45;1;156
201;86;115;1;91
206;115;91;1;104
195;114;81;1;117
81;73;8;0;0
8;83;-75;0;0
42;86;-44;1;247
203;77;126;1;78
204;49;155;1;52
207;112;95;1;104
199;141;58;1;143
58;112;-54;0;0
-54;82;-136;0;0
7;124;-117;1;312
195;115;80;1;117
197;122;75;1;130
205;125;80;1;117
197;64;133;1;65
133;85;48;0;0
48;107;-59;0;0
6;115;-109;1;312
203;95;108;1;91
199;102;97;1;104
201;123;78;1;117
195;132;63;1;143
63;101;-38;0;0
-38;140;-178;0;0
-35;85;-120;1;325
205;77;128;1;78
206;103;103;1;104
207;95;112;1;91
203;91;112;1;91
112;138;-26;0;0
-26;126;-152;0;0
-61;105;-166;1;364
198;43;155;1;52
207;104;103;1;104
207;117;90;1;117
207;119;88;1;117
88;109;-21;0;0
-21;83;-104;0;0
13;56;-43;1;247
204;147;57;1;143
200;46;154;1;52
206;122;84;1;117
201;89;112;1;91
112;84;28;0;0
28;111;-83;0;0
8;103;-95;1;299
204;131;73;1;130
203;95;108;1;91
199;109;90;1;117
207;123;84;1;117
84;114;-30;0;0
-30;130;-160;0;0
-43;132;-175;1;377
202;95;107;1;91
198;95;103;1;104
207;47;160;1;39
199;105;94;1;104
94;107;-13;0;0
-13;99;-112;0;0
-8;84;-92;1;299
207;51;156;1;39
195;109;86;1;117
203;93;110;1;91
201;73;128;1;78
128;124;4;0;0
4;118;-114;0;0
-36;72;-108;1;312
204;119;85;1;117
202;115;87;1;117
204;129;75;1;130
205;68;137;1;65
137;118;19;0;0
19;99;-80;0;0
-15;151;-166;1;364
198;69;129;1;78
207;127;80;1;117
197;109;88;1;117
205;108;97;1;104
97;90;7;0;0
7;97;-90;0;0
14;84;-70;1;273
203;81;122;1;78
200;98;102;1;104
206;101;105;1;91
196;92;104;1;91
104;87;17;0;0
17;99;-82;0;0
9;127;-118;1;325
207;93;114;1;91
205;119;86;1;117
203;79;124;1;78
202;118;84;1;117
84;80;4;0;0
4;123;-119;0;0
-2;91;-93;1;299
206;49;157;1;39
196;88;108;1;91
199;104;95;1;104
199;114;85;1;117
85;118;-33;0;0
-33;98;-131;0;0
-14;104;-118;1;325
207;142;65;1;130
195;93;102;1;104
206;88;118;1;78
196;104;92;1;104
92;112;-20;0;0
-20;56;-76;0;0
28;84;-56;1;260
204;71;133;1;65
198;93;105;1;91
196;102;94;1;104
198;137;61;1;143
61;75;-14;0;0
-14;83;-97;0;0
46;144;-98;1;299
201;72;129;1;78
207;94;113;1;91
204;97;107;1;91
198;101;97;1;104
97;107;-10;0;0
-10;90;-100;0;0
4;108;-104;1;299
195;97;98;1;104
202;93;109;1;91
200;95;105;1;91
196;127;69;1;130
69;86;-17;0;0
-17;129;-146;0;0
-16;86;-102;1;299
197;103;94;1;104
198;118;80;1;117
197;86;111;1;91
202;129;73;1;130
73;101;-28;0;0
-28;139;-167;0;0
-37;125;-162;1;364
202;128;74;1;130
204;121;83;1;117
200;118;82;1;117
199;109;90;1;117
90;81;9;0;0
9;106;-97;0;0
20;124;-104;1;299
195;91;104;1;91
195;73;122;1;78
200;97;103;1;104
207;121;86;1;117
86;108;-22;0;0
-22;102;-124;0;0
-7;112;-119;1;325
206;138;68;1;130
198;70;128;1;78
206;86;120;1;78
198;140;58;1;143
58;121;-63;0;0
-63;122;-185;0;0
-42;104;-146;1;351
205;127;78;1;117
195;115;80;1;117
197;81;116;1;91
207;105;102;1;104
102;119;-17;0;0
-17;64;-81;0;0
23;111;-88;1;286
198;89;109;1;91
200;120;80;1;117
197;93;104;1;91
195;142;53;1;143
53;108;-55;0;0
-55;73;-128;0;0
15;75;-60;1;260
200;100;100;1;104
204;132;72;1;130
202;58;144;1;52
196;81;115;1;91
115;111;4;0;0
4;118;-114;0;0
-23;88;-111;1;312
201;102;99;1;104
203;83;120;1;78
198;82;116;1;91
207;157;50;1;156
50;53;-3;0;0
-3;96;-99;0;0
57;107;-50;1;247
197;117;80;1;117
197;98;99;1;104
203;130;73;1;130
203;93;110;1;91
110;117;-7;0;0
-7;125;-132;0;0
-41;78;-119;1;325
206;114;92;1;104
196;92;104;1;91
195;137;58;1;143
201;111;90;1;117
90;87;3;0;0
3;101;-98;0;0
19;112;-93;1;299
206;143;63;1;143
206;81;125;1;78
203;99;104;1;91
195;123;72;1;130
72;90;-18;0;0
-18;93;-111;0;0
19;73;-54;1;260
206;107;99;1;104
203;100;103;1;104
207;115;92;1;104
196;143;53;1;143
53;71;-18;0;0
-18;105;-123;0;0
20;130;-110;1;312
202;54;148;1;52
200;68;132;1;65
197;118;79;1;117
196;101;95;1;104
95;135;-40;0;0
-40;108;-148;0;0
-44;121;-165;1;364
199;138;61;1;143
204;92;112;1;91
203;49;154;1;52
206;100;106;1;91
106;99;7;0;0
7;85;-78;0;0
13;109;-96;1;299
203;106;97;1;104
201;122;79;1;117
196;125;71;1;130
201;111;90;1;117
90;83;7;0;0
7;100;-93;0;0
24;132;-108;1;312
204;100;104;1;91
195;94;101;1;104
205;107;98;1;104
202;47;155;1;52
155;84;71;0;0
71;74;-3;0;0
49;106;-57;1;260
203;72;131;1;65
196;111;85;1;117
202;110;92;1;104
196;64;132;1;65
132;117;15;0;0
15;65;-50;0;0
15;115;-100;1;299
199;116;83;1;117
200;114;86;1;117
203;108;95;1;104
199;111;88;1;117
88;118;-30;0;0
-30;126;-156;0;0
-39;124;-163;1;364
201;103;98;1;104
202;101;101;1;104
205;130;75;1;130
205;109;96;1;104
96;120;-24;0;0
-24;104;-128;0;0
-24;120;-144;1;351
207;100;107;1;91
198;106;92;1;104
196;93;103;1;104
207;108;99;1;104
99;139;-40;0;0
-40;77;-117;0;0
-13;107;-120;1;325
205;114;91;1;104
195;52;143;1;52
195;113;82;1;117
199;109;90;1;117
90;92;-2;0;0
-2;90;-92;0;0
25;79;-54;1;260
206;146;60;1;143
203;100;103;1;104
207;107;100;1;104
204;138;66;1;130
66;95;-29;0;0
-29;100;-129;0;0
1;67;-66;1;273
207;133;74;1;130
204;146;58;1;143
201;103;98;1;104
202;105;97;1;104
97;97;0;0;0
0;115;-115;0;0
-11;75;-86;1;286
200;114;86;1;117
203;98;105;1;91
196;112;84;1;117
201;69;132;1;65
132;136;-4;0;0
-4;99;-103;0;0
-38;122;-160;1;364
204;123;81;1;117
198;93;105;1;91
196;89;107;1;91
198;89;109;1;91
109;110;-1;0;0
-1;121;-122;0;0
-31;90;-121;1;325
204;99;105;1;91
196;108;88;1;117
205;83;122;1;78
200;111;89;1;117
89;64;25;0;0
25;115;-90;0;0
27;84;-57;1;260
203;19;184;0;0
184;114;70;1;130
200;91;109;1;91
200;117;83;1;117
83;93;-10;0;0
-10;75;-85;0;0
32;103;-71;1;273
202;85;117;1;78
195;82;113;1;91
204;83;121;1;78
199;88;111;1;91
111;107;4;0;0
4;80;-76;0;0
15;87;-72;1;273
201;108;93;1;104
197;91;106;1;91
197;99;98;1;104
202;105;97;1;104
97;103;-6;0;0
-6;95;-101;0;0
3;113;-110;1;312
202;69;133;1;65
198;106;92;1;104
196;83;113;1;91
204;87;117;1;78
117;111;6;0;0
6;80;-74;0;0
4;86;-82;1;286
204;95;109;1;91
200;96;104;1;91
195;95;100;1;104
204;119;85;1;117
85;70;15;0;0
15;121;-106;0;0
11;84;-73;1;273
200;79;121;1;78
199;87;112;1;91
203;82;121;1;78
199;100;99;1;104
99;120;-21;0;0
-21;94;-115;0;0
-11;134;-145;1;351
206;102;104;1;91
195;101;94;1;104
198;134;64;1;143
207;59;148;1;52
148;78;70;0;0
70;93;-23;0;0
29;111;-82;1;286
204;101;103;1;104
207;105;102;1;104
206;100;106;1;91
197;89;108;1;91
108;102;6;0;0
6;78;-72;0;0
19;61;-42;1;247
205;85;120;1;78
198;139;59;1;143
202;111;91;1;104
195;98;97;1;104
97;96;1;0;0
1;62;-61;0;0
43;123;-80;1;286
206;82;124;1;78
202;74;128;1;78
206;52;154;1;52
206;87;119;1;78
119;118;1;0;0
1;78;-77;0;0
1;110;-109;1;312
203;70;133;1;65
198;84;114;1;91
205;113;92;1;104
196;78;118;1;78
118;79;39;0;0
39;144;-105;0;0
-27;108;-135;1;338
203;74;129;1;78
207;84;123;1;78
201;70;131;1;65
196;99;97;1;104
97;35;62;0;0
62;118;-56;0;0
48;104;-56;1;260
204;85;119;1;78
197;74;123;1;78
201;102;99;1;104
203;91;112;1;91
112;94;18;0;0
18;92;-74;0;0
17;122;-105;1;312
207;168;39;1;156
195;69;126;1;78
204;120;84;1;117
201;89;112;1;91
112;94;18;0;0
18;100;-82;0;0
9;136;-127;1;325
198;48;150;1;52
202;119;83;1;117
200;132;68;1;130
198;134;64;1;143
64;77;-13;0;0
-13;141;-154;0;0
-11;84;-95;1;299
204;96;108;1;91
199;120;79;1;117
196;115;81;1;117
198;92;106;1;91
106;62;44;0;0
44;87;-43;0;0
48;115;-67;1;273
206;90;116;1;91
207;87;120;1;78
198;136;62;1;143
205;126;79;1;117
79;88;-9;0;0
-9;107;-116;0;0
1;87;-86;1;286
200;74;126;1;78
204;92;112;1;91
203;148;55;1;143
198;99;99;1;104
99;125;-26;0;0
-26;95;-121;0;0
-17;70;-87;1;286
199;112;87;1;117
204;113;91;1;104
195;85;110;1;91
201;114;87;1;117
87;82;5;0;0
5;83;-78;0;0
39;134;-95;1;299
204;103;101;1;104
205;73;132;1;65
197;89;108;1;91
199;76;123;1;78
123;107;16;0;0
16;87;-71;0;0
7;96;-89;1;286
197;131;66;1;130
196;125;71;1;130
201;113;88;1;117
205;137;68;1;130
68;126;-58;0;0
-58;93;-151;0;0
-21;87;-108;1;312
204;93;111;1;91
202;94;108;1;91
199;50;149;1;52
201;91;110;1;91
110;57;53;0;0
53;71;-18;0;0
73;72;1;1;195
196;58;138;1;65
203;99;104;1;91
195;58;137;1;65
202;53;149;1;52
149;134;15;0;0
15;97;-82;0;0
-30;76;-106;1;312
206;80;126;1;78
204;119;85;1;117
202;137;65;1;130
195;88;107;1;91
107;81;26;0;0
26;97;-71;0;0
20;40;-20;1;221
201;99;102;1;104
206;85;121;1;78
199;83;116;1;91
207;62;145;1;52
145;74;71;0;0
71;131;-60;0;0
-8;124;-132;1;338
206;106;100;1;104
204;112;92;1;104
196;90;106;1;91
197;57;140;1;65
140;94;46;0;0
46;93;-47;0;0
18;102;-84;1;286
202;118;84;1;117
201;113;88;1;117
205;94;111;1;91
202;66;136;1;65
136;89;47;0;0
47;139;-92;0;0
-27;93;-120;1;325
205;110;95;1;104
199;70;129;1;78
207;128;79;1;117
196;111;85;1;117
85;129;-44;0;0
-44;89;-133;0;0
-16;105;-121;1;325
204;109;95;1;104
199;103;96;1;104
200;125;75;1;130
205;120;85;1;117
85;107;-22;0;0
-22;119;-141;0;0
-24;103;-127;1;325
198;130;68;1;130
198;87;111;1;91
202;84;118;1;78
196;110;86;1;117
86;126;-40;0;0
-40;128;-168;0;0
-51;91;-142;1;338
196;79;117;1;78
195;82;113;1;91
204;71;133;1;65
198;103;95;1;104
95;108;-13;0;0
-13;91;-104;0;0
0;122;-122;1;325
203;103;100;1;104
204;127;77;1;130
207;90;117;1;78
195;81;114;1;91
114;81;33;0;0
33;89;-56;0;0
35;86;-51;1;247
196;120;76;1;130
206;100;106;1;91
197;144;53;1;143
196;125;71;1;130
71;125;-54;0;0
-54;52;-106;0;0
24;79;-55;1;260
205;62;143;1;52
195;92;103;1;104
207;79;128;1;78
206;115;91;1;104
91;98;-7;0;0
-7;110;-117;0;0
-13;147;-160;1;364
204;74;130;1;65
195;56;139;1;65
204;114;90;1;117
207;131;76;1;130
76;90;-14;0;0
-14;112;-126;0;0
4;130;-126;1;325
199;74;125;1;78
203;71;132;1;65
197;138;59;1;143
202;87;115;1;91
115;105;10;0;0
10;102;-92;0;0
-1;106;-107;1;312
205;102;103;1;104
207;75;132;1;65
197;82;115;1;91
206;124;82;1;117
82;111;-29;0;0
-29;58;-87;0;0
30;106;-76;1;273
197;89;108;1;91
199;103;96;1;104
200;89;111;1;91
202;76;126;1;78
126;118;8;0;0
8;85;-77;0;0
1;105;-104;1;299
195;106;89;1;117
206;82;124;1;78
202;95;107;1;91
198;123;75;1;130
75;76;-1;0;0
-1;96;-97;0;0
33;104;-71;1;273
202;61;141;1;65
206;86;120;1;78
198;97;101;1;104
205;114;91;1;104
91;107;-16;0;0
-16;99;-115;0;0
-11;90;-101;1;299
198;69;129;1;78
207;51;156;1;39
195;75;120;1;78
198;89;109;1;91
109;93;16;0;0
16;108;-92;0;0
-1;91;-92;1;299
207;99;108;1;91
199;85;114;1;91
205;89;116;1;91
207;114;93;1;104
93;82;11;0;0
11;108;-97;0;0
7;90;-83;1;286
203;117;86;1;117
203;136;67;1;130
197;135;62;1;143
205;103;102;1;104
102;110;-8;0;0
-8;80;-88;0;0
16;113;-97;1;299
202;77;125;1;78
203;76;127;1;78
205;110;95;1;104
199;109;90;1;117
90;118;-28;0;0
-28;97;-125;0;0
-8;124;-132;1;338
206;104;102;1;104
206;113;93;1;104
197;76;121;1;78
199;107;92;1;104
92;99;-7;0;0
-7;124;-131;0;0
-27;111;-138;1;338
200;93;107;1;91
198;78;120;1;78
198;77;121;1;78
199;118;81;1;117
81;135;-54;0;0
-54;84;-138;0;0
-21;99;-120;1;325
205;63;142;1;65
207;85;122;1;78
200;99;101;1;104
205;121;84;1;117
84;114;-30;0;0
-30;107;-137;0;0
-20;64;-84;1;286
202;103;99;1;104
203;98;105;1;91
196;81;115;1;91
206;93;113;1;91
113;138;-25;0;0
-25;100;-125;0;0
-34;82;-116;1;312
196;110;86;1;117
203;85;118;1;78
196;118;78;1;117
195;112;83;1;117
83;93;-10;0;0
-10;98;-108;0;0
9;64;-55;1;260
205;41;164;1;39
203;82;121;1;78
199;101;98;1;104
202;63;139;1;65
139;92;47;0;0
47;103;-56;0;0
9;65;-56;1;260
204;87;117;1;78
195;107;88;1;117
205;131;74;1;130
204;89;115;1;91
115;72;43;0;0
43;126;-83;0;0
8;53;-45;1;247
202;85;117;1;78
195;80;115;1;91
206;133;73;1;130
203;101;102;1;104
102;66;36;0;0
36;119;-83;0;0
21;106;-85;1;286
201;86;115;1;91
206;93;113;1;91
204;97;107;1;91
198;120;78;1;117
78;79;-1;0;0
-1;68;-69;0;0
48;66;-18;1;221
203;99;104;1;91
195;86;109;1;91
200;131;69;1;130
199;89;110;1;91
110;121;-11;0;0
-11;60;-71;0;0
20;99;-79;1;286
207;109;98;1;104
202;110;92;1;104
196;120;76;1;130
206;77;129;1;78
129;132;-3;0;0
-3;68;-71;0;0
7;119;-112;1;312
200;90;110;1;91
201;121;80;1;117
197;111;86;1;117
203;103;100;1;104
100;66;34;0;0
34;115;-81;0;0
23;103;-80;1;286
206;101;105;1;91
196;111;85;1;117
202;126;76;1;130
206;110;96;1;104
96;109;-13;0;0
-13;89;-102;0;0
2;85;-83;1;286
203;75;128;1;78
206;110;96;1;104
200;112;88;1;117
205;104;101;1;104
101;124;-23;0;0
-23;95;-118;0;0
-14;112;-126;1;325
199;106;93;1;104
197;75;122;1;78
200;106;94;1;104
198;104;94;1;104
94;61;33;0;0
33;128;-95;0;0
9;105;-96;1;299
203;72;131;1;65
196;109;87;1;117
204;101;103;1;104
207;106;101;1;104
101;89;12;0;0
12;86;-74;0;0
30;73;-43;1;247
204;84;120;1;78
198;101;97;1;104
201;65;136;1;65
201;97;104;1;91
104;95;9;0;0
9;133;-124;0;0
-33;93;-126;1;325
199;93;106;1;91
197;104;93;1;104
197;100;97;1;104
201;90;111;1;91
111;110;1;0;0
1;101;-100;0;0
-9;108;-117;1;312
195;106;89;1;117
206;96;110;1;91
201;97;104;1;91
195;149;46;1;156
46;92;-46;0;0
-46;99;-145;0;0
11;120;-109;1;312
203;102;101;1;104
205;72;133;1;65
198;120;78;1;117
195;94;101;1;104
101;80;21;0;0
21;128;-107;0;0
-3;130;-133;1;338
205;120;85;1;117
202;81;121;1;78
199;92;107;1;91
198;85;113;1;91
113;72;41;0;0
41;101;-60;0;0
31;109;-78;1;273
195;105;90;1;117
207;124;83;1;117
200;132;68;1;130
198;80;118;1;78
118;139;-21;0;0
-21;111;-132;0;0
-54;100;-154;1;351
197;156;41;1;156
197;107;90;1;117
207;103;104;1;91
195;124;71;1;130
71;99;-28;0;0
-28;102;-130;0;0
0;110;-110;1;312
202;85;117;1;78
195;87;108;1;91
199;94;105;1;91
196;77;119;1;78
119;118;1;0;0
1;117;-116;0;0
-38;74;-112;1;312
200;57;143;1;52
195;153;42;1;156
198;102;96;1;104
200;109;91;1;104
91;95;-4;0;0
-4;104;-108;0;0
-4;92;-96;1;299
203;112;91;1;104
195;142;53;1;143
196;127;69;1;130
199;82;117;1;78
117;114;3;0;0
3;64;-61;0;0
17;69;-52;1;247
195;79;116;1;91
207;82;125;1;78
203;89;114;1;91
205;114;91;1;104
91;169;-78;0;0
-78;120;-198;0;0
-94;98;-192;1;390
198;110;88;1;117
205;82;123;1;78
201;106;95;1;104
199;111;88;1;117
88;111;-23;0;0
-23;74;-97;0;0
20;111;-91;1;286
195;93;102;1;104
206;105;101;1;104
205;60;145;1;52
197;91;106;1;91
106;82;24;0;0
24;121;-97;0;0
-6;94;-100;1;299
199;79;120;1;78
198;59;139;1;65
204;79;125;1;78
203;82;121;1;78
121;91;30;0;0
30;94;-64;0;0
14;77;-63;1;260
197;93;104;1;91
195;108;87;1;117
204;114;90;1;117
207;109;98;1;104
98;99;-1;0;0
-1;162;-163;0;0
-59;95;-154;1;351
197;111;86;1;117
203;105;98;1;104
202;161;41;1;156
197;86;111;1;91
111;122;-11;0;0
-11;55;-66;0;0
25;97;-72;1;273
201;82;119;1;78
197;129;68;1;130
198;116;82;1;117
199;130;69;1;130
69;94;-25;0;0
-25;87;-112;0;0
18;98;-80;1;286
206;67;139;1;65
204;105;99;1;104
203;76;127;1;78
205;89;116;1;91
116;88;28;0;0
28;95;-67;0;0
24;115;-91;1;286
195;68;127;1;78
205;106;99;1;104
203;90;113;1;91
204;102;102;1;104
102;114;-12;0;0
-12;116;-128;0;0
-24;152;-176;1;377
201;75;126;1;78
204;75;129;1;78
207;104;103;1;104
207;95;112;1;91
112;105;7;0;0
7;61;-54;0;0
37;136;-99;1;299
200;79;121;1;78
199;115;84;1;117
201;111;90;1;117
207;77;130;1;65
130;116;14;0;0
14;85;-71;0;0
-6;95;-101;1;299
198;117;81;1;117
198;94;104;1;91
195;91;104;1;91
195;68;127;1;78
127;84;43;0;0
43;90;-47;0;0
31;111;-80;1;286
206;82;124;1;78
202;104;98;1;104
202;103;99;1;104
203;103;100;1;104
100;138;-38;0;0
-38;97;-135;0;0
-31;105;-136;1;338
202;139;63;1;143
206;118;88;1;117
205;85;120;1;78
198;111;87;1;117
87;120;-33;0;0
-33;90;-123;0;0
-6;80;-86;1;286
200;102;98;1;104
202;96;106;1;91
197;120;77;1;130
207;100;107;1;91
107;80;27;0;0
27;107;-80;0;0
11;76;-65;1;260
195;111;84;1;117
201;63;138;1;65
203;110;93;1;104
197;156;41;1;156
41;84;-43;0;0
-43;60;-103;0;0
53;111;-58;1;260
202;85;117;1;78
195;103;92;1;104
196;101;95;1;104
199;94;105;1;91
105;98;7;0;0
7;94;-87;0;0
4;116;-112;1;312
200;82;118;1;78
196;59;137;1;65
202;63;139;1;65
204;125;79;1;117
79;106;-27;0;0
-27;126;-153;0;0
-36;77;-113;1;312
199;91;108;1;91
199;97;102;1;104
206;121;85;1;117
202;115;87;1;117
87;102;-15;0;0
-15;80;-95;0;0
22;80;-58;1;260
202;77;125;1;78
203;126;77;1;130
207;117;90;1;117
207;122;85;1;117
85;96;-11;0;0
-11;47;-58;0;0
59;85;-26;1;221
195;94;101;1;104
205;127;78;1;117
195;88;107;1;91
198;120;78;1;117
78;72;6;0;0
6;88;-82;0;0
35;116;-81;1;286
205;113;92;1;104
196;90;106;1;91
197;111;86;1;117
203;109;94;1;104
94;64;30;0;0
30;119;-89;0;0
15;109;-94;1;299
205;83;122;1;78
200;82;118;1;78
196;102;94;1;104
198;70;128;1;78
128;90;38;0;0
38;57;-19;0;0
59;101;-42;1;247
205;144;61;1;143
204;110;94;1;104
198;79;119;1;78
197;104;93;1;104
93;95;-2;0;0
-2;69;-71;0;0
33;100;-67;1;273
206;65;141;1;65
206;103;103;1;104
207;127;80;1;117
197;111;86;1;117
86;73;13;0;0
13;111;-98;0;0
19;78;-59;1;260
201;89;112;1;91
203;90;113;1;91
204;117;87;1;117
204;121;83;1;117
83;123;-40;0;0
-40;85;-125;0;0
-8;45;-53;1;260
207;88;119;1;78
197;81;116;1;91
207;102;105;1;91
196;73;123;1;78
123;104;19;0;0
19;74;-55;0;0
23;102;-79;1;286
207;84;123;1;78
201;56;145;1;52
197;78;119;1;78
197;106;91;1;104
91;91;0;0;0
0;100;-100;0;0
4;77;-73;1;273
200;119;81;1;117
198;117;81;1;117
198;103;95;1;104
199;85;114;1;91
114;75;39;0;0
39;94;-55;0;0
36;112;-76;1;273
197;124;73;1;130
203;85;118;1;78
196;88;108;1;91
199;59;140;1;65
140;54;86;0;0
86;100;-14;0;0
51;137;-86;1;286
200;140;60;1;143
203;103;100;1;104
204;131;73;1;130
203;77;126;1;78
126;97;29;0;0
29;118;-89;0;0
-11;112;-123;1;325
202;105;97;1;104
201;115;86;1;117
203;118;85;1;117
202;128;74;1;130
74;113;-39;0;0
-39;125;-164;0;0
-34;99;-133;1;338
205;85;120;1;78
198;102;96;1;104
200;80;120;1;78
198;147;51;1;156
51;116;-65;0;0
-65;108;-173;0;0
-17;136;-153;1;351
198;113;85;1;117
202;105;97;1;104
201;90;111;1;91
202;113;89;1;117
89;101;-12;0;0
-12;70;-82;0;0
35;89;-54;1;260
206;115;91;1;104
195;89;106;1;91
197;64;133;1;65
198;88;110;1;91
110;139;-29;0;0
-29;105;-134;0;0
-43;77;-120;1;325
205;104;101;1;104
205;77;128;1;78
206;57;149;1;52
201;79;122;1;78
122;88;34;0;0
34;107;-73;0;0
5;109;-104;1;299
195;105;90;1;117
207;87;120;1;78
198;99;99;1;104
203;71;132;1;65
132;32;100;0;0
100;75;25;0;0
90;90;0;1;195
195;99;96;1;104
200;120;80;1;117
197;97;100;1;104
204;76;128;1;78
128;91;37;0;0
37;98;-61;0;0
17;93;-76;1;273
197;86;111;1;91
202;107;95;1;104
199;94;105;1;91
196;78;118;1;78
118;119;-1;0;0
-1;129;-130;0;0
-52;103;-155;1;351
196;97;99;1;104
203;96;107;1;91
198;132;66;1;130
196;139;57;1;143
57;75;-18;0;0
-18;134;-152;0;0
-9;127;-136;1;338
202;93;109;1;91
200;83;117;1;78
195;123;72;1;130
202;146;56;1;143
56;75;-19;0;0
-19;131;-150;0;0
-7;65;-72;1;273
201;109;92;1;104
196;76;120;1;78
198;147;51;1;156
207;96;111;1;91
111;85;26;0;0
26;86;-60;0;0
31;95;-64;1;260
196;94;102;1;104
206;98;108;1;91
199;111;88;1;117
205;115;90;1;117
90;108;-18;0;0
-18;111;-129;0;0
-12;65;-77;1;273
196;130;66;1;130
196;99;97;1;104
201;108;93;1;104
197;94;103;1;104
103;90;13;0;0
13;136;-123;0;0
-19;124;-143;1;338
195;116;79;1;117
196;85;111;1;91
202;123;79;1;117
196;90;106;1;91
106;119;-13;0;0
-13;86;-99;0;0
-8;98;-106;1;312
206;119;87;1;117
204;104;100;1;104
204;99;105;1;91
196;112;84;1;117
84;110;-26;0;0
-26;96;-122;0;0
-5;92;-97;1;299
202;100;102;1;104
206;121;85;1;117
202;98;104;1;91
195;138;57;1;143
57;93;-36;0;0
-36;103;-139;0;0
4;115;-111;1;312
201;101;100;1;104
204;121;83;1;117
200;84;116;1;91
207;114;93;1;104
93;137;-44;0;0
-44;87;-131;0;0
-27;132;-159;1;364
205;118;87;1;117
204;89;115;1;91
206;85;121;1;78
199;87;112;1;91
112;112;0;0;0
0;140;-140;0;0
-49;125;-174;1;377
203;116;87;1;117
204;95;109;1;91
200;116;84;1;117
201;87;114;1;91
114;111;3;0;0
3;71;-68;0;0
23;78;-55;1;260
205;99;106;1;91
197;70;127;1;78
205;78;127;1;78
205;83;122;1;78
122;132;-10;0;0
-10;70;-80;0;0
-2;105;-107;1;312
205;56;149;1;52
201;131;70;1;130
200;106;94;1;104
198;79;119;1;78
119;143;-24;0;0
-24;73;-97;0;0
-19;84;-103;1;299
196;110;86;1;117
203;79;124;1;78
202;117;85;1;117
202;103;99;1;104
99;100;-1;0;0
-1;126;-127;0;0
-23;157;-180;1;377
197;59;138;1;65
203;110;93;1;104
197;108;89;1;117
206;139;67;1;130
67;84;-17;0;0
-17;84;-101;0;0
29;52;-23;1;221
198;93;105;1;91
196;137;59;1;143
202;151;51;1;156
207;109;98;1;104
98;57;41;0;0
41;97;-56;0;0
48;126;-78;1;273
195;97;98;1;104
202;119;83;1;117
200;111;89;1;117
206;105;101;1;104
101;60;41;0;0
41;122;-81;0;0
23;108;-85;1;286
201;69;132;1;65
197;123;74;1;130
204;80;124;1;78
202;89;113;1;91
113;99;14;0;0
14;75;-61;0;0
30;110;-80;1;286
206;95;111;1;91
202;109;93;1;104
197;83;114;1;91
205;127;78;1;117
78;68;10;0;0
10;59;-49;0;0
68;117;-49;1;247
198;115;83;1;117
200;112;88;1;117
205;92;113;1;91
204;100;104;1;91
104;99;5;0;0
5;114;-109;0;0
-18;112;-130;1;325
195;113;82;1;117
199;85;114;1;91
205;140;65;1;130
195;76;119;1;78
119;60;59;0;0
59;132;-73;0;0
5;108;-103;1;299
196;92;104;1;91
195;104;91;1;104
195;67;128;1;78
206;114;92;1;104
92;88;4;0;0
4;102;-98;0;0
6;75;-69;1;273
204;73;131;1;65
196;79;117;1;78
195;142;53;1;143
196;109;87;1;117
87;119;-32;0;0
-32;160;-192;0;0
-75;93;-168;1;364
196;130;66;1;130
196;108;88;1;117
205;88;117;1;78
195;108;87;1;117
87;107;-20;0;0
-20;140;-160;0;0
-43;111;-154;1;351
197;113;84;1;117
201;130;71;1;130
201;121;80;1;117
197;120;77;1;130
77;118;-41;0;0
-41;111;-152;0;0
-22;98;-120;1;325
205;111;94;1;104
198;76;122;1;78
200;61;139;1;65
204;70;134;1;65
134;74;60;0;0
60;81;-21;0;0
44;107;-63;1;260
197;104;93;1;104
197;95;102;1;104
206;135;71;1;130
201;96;105;1;91
105;102;3;0;0
3;124;-121;0;0
-30;149;-179;1;377
198;107;91;1;104
195;51;144;1;52
196;79;117;1;78
195;90;105;1;91
105;117;-12;0;0
-12;89;-101;0;0
-10;118;-128;1;325
197;122;75;1;130
205;121;84;1;117
201;119;82;1;117
199;84;115;1;91
115;71;44;0;0
44;100;-56;0;0
35;80;-45;1;247
202;128;74;1;130
204;131;73;1;130
203;116;87;1;117
204;86;118;1;78
118;76;42;0;0
42;114;-72;0;0
6;75;-69;1;273
204;75;129;1;78
207;89;118;1;78
196;118;78;1;117
195;106;89;1;117
89;92;-3;0;0
-3;102;-105;0;0
12;118;-106;1;312
206;83;123;1;78
201;95;106;1;91
197;136;61;1;143
204;114;90;1;117
90;135;-45;0;0
-45;94;-139;0;0
-22;87;-109;1;312
203;82;121;1;78
199;105;94;1;104
198;89;109;1;91
200;107;93;1;104
93;61;32;0;0
32;131;-99;0;0
5;93;-88;1;286
198;102;96;1;104
200;51;149;1;52
201;81;120;1;78
198;118;80;1;117
80;115;-35;0;0
-35;90;-125;0;0
-8;111;-119;1;325
206;99;107;1;91
198;96;102;1;104
206;92;114;1;91
205;81;124;1;78
124;103;21;0;0
21;116;-95;0;0
-17;101;-118;1;325
207;83;124;1;78
202;116;86;1;117
203;77;126;1;78
204;113;91;1;104
91;85;6;0;0
6;139;-133;0;0
-29;105;-134;1;338
204;99;105;1;91
196;104;92;1;104
196;124;72;1;130
202;90;112;1;91
112;116;-4;0;0
-4;119;-123;0;0
-32;137;-169;1;364
195;120;75;1;130
205;96;109;1;91
200;50;150;1;52
202;101;101;1;104
101;91;10;0;0
10;81;-71;0;0
33;100;-67;1;273
206;89;117;1;78
195;104;91;1;104
195;113;82;1;117
199;129;70;1;130
70;90;-20;0;0
-20;106;-126;0;0
4;140;-136;1;338
202;99;103;1;104
207;92;115;1;91
206;114;92;1;104
196;105;91;1;104
91;92;-1;0;0
-1;111;-112;0;0
-8;130;-138;1;338
200;91;109;1;91
200;70;130;1;65
195;81;114;1;91
205;103;102;1;104
102;108;-6;0;0
-6;131;-137;0;0
-33;103;-136;1;338
202;109;93;1;104
197;77;120;1;78
198;130;68;1;130
198;98;100;1;104
100;128;-28;0;0
-28;103;-131;0;0
-27;119;-146;1;351
205;111;94;1;104
198;105;93;1;104
197;124;73;1;130
203;51;152;1;52
152;122;30;0;0
30;135;-105;0;0
-53;112;-165;1;364
199;106;93;1;104
197;126;71;1;130
201;109;92;1;104
196;76;120;1;78
120;78;42;0;0
42;67;-25;0;0
53;106;-53;1;260
207;109;98;1;104
202;74;128;1;78
206;94;112;1;91
203;88;115;1;91
115;110;5;0;0
5;66;-61;0;0
30;153;-123;1;325
202;122;80;1;117
197;124;73;1;130
203;138;65;1;130
195;92;103;1;104
103;121;-18;0;0
-18;114;-132;0;0
-28;119;-147;1;351
204;75;129;1;78
207;79;128;1;78
206;72;134;1;65
199;99;100;1;104
100;111;-11;0;0
-11;100;-111;0;0
-7;97;-104;1;299
195;113;82;1;117
199;99;100;1;104
204;106;98;1;104
202;94;108;1;91
108;108;0;0;0
0;74;-74;0;0
17;103;-86;1;286
200;119;81;1;117
198;119;79;1;117
196;113;83;1;117
200;122;78;1;117
78;96;-18;0;0
-18;109;-127;0;0
-10;142;-152;1;351
199;101;98;1;104
202;113;89;1;117
206;99;107;1;91
198;110;88;1;117
88;95;-7;0;0
-7;95;-102;0;0
15;139;-124;1;325
201;98;103;1;104
207;104;103;1;104
207;86;121;1;78
199;105;94;1;104
94;140;-46;0;0
-46;80;-126;0;0
-22;102;-124;1;325
201;62;139;1;65
204;104;100;1;104
204;98;106;1;91
197;98;99;1;104
99;117;-18;0;0
-18;73;-91;0;0
13;103;-90;1;286
196;114;82;1;117
199;122;77;1;130
207;81;126;1;78
204;90;114;1;91
114;119;-5;0;0
-5;89;-94;0;0
-3;148;-151;1;351
200;110;90;1;117
207;104;103;1;104
207;88;119;1;78
197;95;102;1;104
102;118;-16;0;0
-16;137;-153;0;0
-49;59;-108;1;312
204;84;120;1;78
198;139;59;1;143
202;81;121;1;78
199;66;133;1;65
133;89;44;0;0
44;115;-71;0;0
-6;126;-132;1;338
206;103;103;1;104
207;98;109;1;91
200;71;129;1;78
207;83;124;1;78
124;141;-17;0;0
-17;82;-99;0;0
-21;100;-121;1;325
204;97;107;1;91
198;84;114;1;91
205;91;114;1;91
205;85;120;1;78
120;107;13;0;0
13;97;-84;0;0
-6;102;-108;1;312
204;114;90;1;117
207;77;130;1;65
195;118;77;1;130
207;111;96;1;104
96;115;-19;0;0
-19;100;-119;0;0
-15;112;-127;1;325
198;128;70;1;130
200;134;66;1;130
196;158;38;1;169
207;81;126;1;78
126;110;16;0;0
16;114;-98;0;0
-20;52;-72;1;273
201;112;89;1;117
206;126;80;1;117
197;92;105;1;91
196;96;100;1;104
100;103;-3;0;0
-3;99;-102;0;0
2;99;-97;1;299
202;109;93;1;104
197;74;123;1;78
201;107;94;1;104
198;85;113;1;91
113;95;18;0;0
18;111;-93;0;0
-2;91;-93;1;299
206;38;168;1;39
207;121;86;1;117
203;112;91;1;104
195;123;72;1;130
72;94;-22;0;0
-22;101;-123;0;0
7;113;-106;1;312
206;91;115;1;91
206;76;130;1;65
195;108;87;1;117
204;112;92;1;104
92;81;11;0;0
11;77;-66;0;0
38;129;-91;1;286
195;87;108;1;91
199;125;74;1;130
204;122;82;1;117
199;92;107;1;91
107;107;0;0;0
0;99;-99;0;0
-8;82;-90;1;286
196;97;99;1;104
203;70;133;1;65
198;119;79;1;117
196;71;125;1;78
125;110;15;0;0
15;73;-58;0;0
20;105;-85;1;286
201;117;84;1;117
201;112;89;1;117
206;117;89;1;117
206;107;99;1;104
99;109;-10;0;0
-10;87;-97;0;0
7;71;-64;1;260
196;98;98;1;104
202;124;78;1;117
195;113;82;1;117
199;68;131;1;65
131;115;16;0;0
16;73;-57;0;0
8;58;-50;1;247
197;114;83;1;117
200;138;62;1;143
205;93;112;1;91
203;80;123;1;78
123;94;29;0;0
29;101;-72;0;0
6;107;-101;1;299
198;96;102;1;104
206;76;130;1;65
195;112;83;1;117
200;123;77;1;130
77;116;-39;0;0
-39;102;-141;0;0
-11;53;-64;1;260
196;128;68;1;130
198;114;84;1;117
201;116;85;1;117
202;79;123;1;78
123;96;27;0;0
27;135;-108;0;0
-30;110;-140;1;338
198;47;151;1;52
203;105;98;1;104
202;89;113;1;91
204;76;128;1;78
128;74;54;0;0
54;111;-57;0;0
21;116;-95;1;299
204;122;82;1;117
199;92;107;1;91
198;115;83;1;117
200;77;123;1;78
123;77;46;0;0
46;122;-76;0;0
2;112;-110;1;312
202;103;99;1;104
203;89;114;1;91
205;72;133;1;65
198;104;94;1;104
94;79;15;0;0
15;140;-125;0;0
-21;100;-121;1;325
204;120;84;1;117
201;109;92;1;104
196;88;108;1;91
199;110;89;1;117
89;115;-26;0;0
-26;106;-132;0;0
-15;114;-129;1;325
196;60;136;1;65
201;105;96;1;104
200;83;117;1;78
195;103;92;1;104
92;118;-26;0;0
-26;90;-116;0;0
-12;85;-97;1;299
202;94;108;1;91
199;126;73;1;130
203;50;153;1;52
205;56;149;1;52
149;133;16;0;0
16;102;-86;0;0
-34;86;-120;1;325
205;102;103;1;104
207;94;113;1;91
204;80;124;1;78
202;92;110;1;91
110;107;3;0;0
3;122;-119;0;0
-28;112;-140;1;338
198;75;123;1;78
201;98;103;1;104
207;84;123;1;78
201;123;78;1;117
78;122;-44;0;0
-44;109;-153;0;0
-36;95;-131;1;338
207;126;81;1;117
198;85;113;1;91
204;112;92;1;104
196;102;94;1;104
94;103;-9;0;0
-9;120;-129;0;0
-25;115;-140;1;338
198;95;103;1;104
207;104;103;1;104
207;126;81;1;117
198;76;122;1;78
122;128;-6;0;0
-6;94;-100;0;0
-22;104;-126;1;325
199;80;119;1;78
197;53;144;1;52
196;144;52;1;143
195;146;49;1;156
49;49;0;0;0
0;99;-99;0;0
57;105;-48;1;247
199;68;131;1;65
196;101;95;1;104
199;97;102;1;104
206;95;111;1;91
111;100;11;0;0
11;110;-99;0;0
-8;49;-57;1;260
203;101;102;1;104
206;142;64;1;143
207;86;121;1;78
199;63;136;1;65
136;120;16;0;0
16;94;-78;0;0
-13;77;-90;1;286
196;138;58;1;143
201;77;124;1;78
202;92;110;1;91
201;95;106;1;91
106;123;-17;0;0
-17;29;-46;0;0
45;117;-72;1;273
201;107;94;1;104
198;103;95;1;104
199;98;101;1;104
205;108;97;1;104
97;141;-44;0;0
-44;96;-140;0;0
-36;115;-151;1;351
200;88;112;1;91
203;67;136;1;65
201;65;136;1;65
201;60;141;1;65
141;136;5;0;0
5;57;-52;0;0
13;79;-66;1;273
207;96;111;1;91
202;151;51;1;156
207;64;143;1;52
195;124;71;1;130
71;94;-23;0;0
-23;70;-93;0;0
37;69;-32;1;234
202;84;118;1;78
196;76;120;1;78
198;104;94;1;104
198;105;93;1;104
93;92;1;0;0
1;61;-60;0;0
44;85;-41;1;247
206;118;88;1;117
205;132;73;1;130
203;104;99;1;104
203;74;129;1;78
129;48;81;0;0
81;71;10;0;0
88;110;-22;1;221
199;101;98;1;104
202;143;59;1;143
202;88;114;1;91
205;96;109;1;91
109;98;11;0;0
11;74;-63;0;0
28;74;-46;1;247
201;113;88;1;117
205;70;135;1;65
200;77;123;1;78
201;126;75;1;130
75;111;-36;0;0
-36;106;-142;0;0
-12;92;-104;1;299
195;115;80;1;117
197;75;122;1;78
200;75;125;1;78
203;87;116;1;91
116;89;27;0;0
27;93;-66;0;0
25;45;-20;1;221
201;129;72;1;130
202;100;102;1;104
206;79;127;1;78
205;108;97;1;104
97;132;-35;0;0
-35;69;-104;0;0
0;72;-72;1;273
201;86;115;1;91
206;131;75;1;130
205;62;143;1;52
195;91;104;1;91
104;99;5;0;0
5;101;-96;0;0
-5;92;-97;1;299
202;98;104;1;91
195;110;85;1;117
202;112;90;1;117
207;90;117;1;78
117;80;37;0;0
37;115;-78;0;0
0;88;-88;1;286
198;124;74;1;130
204;61;143;1;52
195;65;130;1;65
195;83;112;1;91
112;125;-13;0;0
-13;81;-94;0;0
-3;96;-99;1;299
200;117;83;1;117
200;77;123;1;78
201;98;103;1;104
207;61;146;1;52
146;100;46;0;0
46;133;-87;0;0
-35;127;-162;1;364
202;84;118;1;78
196;94;102;1;104
206;82;124;1;78
202;63;139;1;65
139;113;26;0;0
26;129;-103;0;0
-38;88;-126;1;325
199;119;80;1;117
197;92;105;1;91
196;114;82;1;117
199;108;91;1;104
91;86;5;0;0
5;96;-91;0;0
13;108;-95;1;299
204;107;97;1;104
201;133;68;1;130
198;117;81;1;117
198;110;88;1;117
88;110;-22;0;0
-22;141;-163;0;0
-46;91;-137;1;338
201;79;122;1;78
200;128;72;1;130
202;107;95;1;104
199;119;80;1;117
80;86;-6;0;0
-6;106;-112;0;0
5;84;-79;1;286
207;72;135;1;65
200;77;123;1;78
201;106;95;1;104
199;118;81;1;117
81;91;-10;0;0
-10;109;-119;0;0
-2;97;-99;1;299
200;95;105;1;91
196;105;91;1;104
195;89;106;1;91
197;61;136;1;65
136;67;69;0;0
69;74;-5;0;0
60;128;-68;1;273
205;98;107;1;91
198;116;82;1;117
199;101;98;1;104
202;107;95;1;104
95;106;-11;0;0
-11;48;-59;0;0
45;106;-61;1;260
199;78;121;1;78
199;107;92;1;104
196;160;36;1;169
205;79;126;1;78
126;100;26;0;0
26;76;-50;0;0
28;129;-101;1;299
198;50;148;1;52
200;46;154;1;52
206;114;92;1;104
196;99;97;1;104
97;114;-17;0;0
-17;72;-89;0;0
15;88;-73;1;273
200;104;96;1;104
200;120;80;1;117
197;76;121;1;78
199;94;105;1;91
105;116;-11;0;0
-11;83;-94;0;0
-3;99;-102;1;299
197;87;110;1;91
201;89;112;1;91
203;90;113;1;91
204;119;85;1;117
85;119;-34;0;0
-34;120;-154;0;0
-37;120;-157;1;364
207;110;97;1;104
201;82;119;1;78
197;105;92;1;104
196;95;101;1;104
101;64;37;0;0
37;122;-85;0;0
19;108;-89;1;286
197;88;109;1;91
200;138;62;1;143
205;147;58;1;143
201;106;95;1;104
95;122;-27;0;0
-27;123;-150;0;0
-46;113;-159;1;364
205;97;108;1;91
199;104;95;1;104
199;120;79;1;117
196;80;116;1;91
116;144;-28;0;0
-28;126;-154;0;0
-63;59;-122;1;325
203;97;106;1;91
197;90;107;1;91
198;108;90;1;117
207;121;86;1;117
86;75;11;0;0
11;60;-49;0;0
68;118;-50;1;247
197;129;68;1;130
198;135;63;1;143
206;133;73;1;130
203;66;137;1;65
137;102;35;0;0
35;99;-64;0;0
1;114;-113;1;312
199;124;75;1;130
205;89;116;1;91
207;95;112;1;91
203;55;148;1;52
148;92;56;0;0
56;76;-20;0;0
32;110;-78;1;273
195;78;117;1;78
195;129;66;1;130
196;123;73;1;130
203;83;120;1;78
120;82;38;0;0
38;79;-41;0;0
37;97;-60;1;260
200;122;78;1;117
195;95;100;1;104
204;97;107;1;91
198;109;89;1;117
89;121;-32;0;0
-32;95;-127;0;0
-10;103;-113;1;312
199;84;115;1;91
206;93;113;1;91
204;118;86;1;117
203;103;100;1;104
100;80;20;0;0
20;87;-67;0;0
37;78;-41;1;247
206;83;123;1;78
201;100;101;1;104
205;116;89;1;117
206;140;66;1;130
66;106;-40;0;0
-40;83;-123;0;0
7;114;-107;1;312
205;85;120;1;78
198;82;116;1;91
207;85;122;1;78
200;108;92;1;104
92;108;-16;0;0
-16;53;-69;0;0
35;110;-75;1;273
198;75;123;1;78
201;93;108;1;91
199;67;132;1;65
197;131;66;1;130
66;122;-56;0;0
-56;93;-149;0;0
-19;88;-107;1;312
205;138;67;1;130
197;118;79;1;117
196;118;78;1;117
195;107;88;1;117
88;101;-13;0;0
-13;103;-116;0;0
1;120;-119;1;325
206;100;106;1;91
197;92;105;1;91
196;65;131;1;65
196;126;70;1;130
70;111;-41;0;0
-41;81;-122;0;0
8;73;-65;1;260
195;108;87;1;117
204;79;125;1;78
203;98;105;1;91
196;81;115;1;91
115;96;19;0;0
19;87;-68;0;0
23;95;-72;1;273
201;124;77;1;130
207;112;95;1;104
199;110;89;1;117
206;81;125;1;78
125;83;42;0;0
42;101;-59;0;0
19;94;-75;1;273
198;118;80;1;117
197;108;89;1;117
206;152;54;1;143
197;112;85;1;117
85;89;-4;0;0
-4;96;-100;0;0
17;59;-42;1;247
205;116;89;1;117
206;96;110;1;91
201;93;108;1;91
199;150;49;1;156
49;61;-12;0;0
-12;98;-110;0;0
46;111;-65;1;260
195;113;82;1;117
199;99;100;1;104
204;65;139;1;65
204;93;111;1;91
111;128;-17;0;0
-17;115;-132;0;0
-41;85;-126;1;325
199;148;51;1;156
207;84;123;1;78
201;98;103;1;104
207;120;87;1;117
87;94;-7;0;0
-7;57;-64;0;0
53;102;-49;1;247
198;135;63;1;143
206;91;115;1;91
206;108;98;1;104
202;96;106;1;91
106;130;-24;0;0
-24;132;-156;0;0
-65;93;-158;1;364
206;142;64;1;143
207;98;109;1;91
200;85;115;1;91
206;81;125;1;78
125;55;70;0;0
70;100;-30;0;0
48;123;-75;1;273
198;94;104;1;91
195;96;99;1;104
203;136;67;1;130
197;122;75;1;130
75;105;-30;0;0
-30;94;-124;0;0
6;77;-71;1;273
202;115;87;1;117
204;90;114;1;91
205;90;115;1;91
206;124;82;1;117
82;121;-39;0;0
-39;109;-148;0;0
-31;72;-103;1;299
196;65;131;1;65
196;86;110;1;91
201;80;121;1;78
199;93;106;1;91
106;79;27;0;0
27;91;-64;0;0
27;77;-50;1;247
197;132;65;1;130
195;96;99;1;104
203;95;108;1;91
199;112;87;1;117
87;94;-7;0;0
-7;83;-90;0;0
27;103;-76;1;273
197;92;105;1;91
196;102;94;1;104
198;59;139;1;65
204;96;108;1;91
108;133;-25;0;0
-25;109;-134;0;0
-43;127;-170;1;377
207;94;113;1;91
204;78;126;1;78
204;96;108;1;91
199;117;82;1;117
82;139;-57;0;0
-57;118;-175;0;0
-58;101;-159;1;364
205;77;128;1;78
206;80;126;1;78
204;104;100;1;104
204;114;90;1;117
90;97;-7;0;0
-7;79;-86;0;0
31;89;-58;1;260
202;146;56;1;143
199;64;135;1;65
200;90;110;1;91
201;95;106;1;91
106;82;24;0;0
24;84;-60;0;0
31;116;-85;1;286
201;93;108;1;91
199;85;114;1;91
205;114;91;1;104
195;119;76;1;130
76;112;-36;0;0
-36;98;-134;0;0
-4;76;-80;1;286
206;79;127;1;78
205;89;116;1;91
207;111;96;1;104
200;105;95;1;104
95;114;-19;0;0
-19;84;-103;0;0
1;118;-117;1;312
195;92;103;1;104
207;86;121;1;78
199;60;139;1;65
204;109;95;1;104
95;110;-15;0;0
-15;118;-133;0;0
-29;133;-162;1;364
202;64;138;1;65
203;136;67;1;130
197;109;88;1;117
205;91;114;1;91
114;101;13;0;0
13;94;-81;0;0
10;147;-137;1;338
201;56;145;1;52
197;109;88;1;117
205;93;112;1;91
203;106;97;1;104
97;63;34;0;0
34;119;-85;0;0
19;79;-60;1;260
200;103;97;1;104
201;86;115;1;91
206;105;101;1;104
205;137;68;1;130
68;147;-79;0;0
-79;121;-200;0;0
-70;107;-177;1;377
200;78;122;1;78
200;102;98;1;104
202;74;128;1;78
206;62;144;1;52
144;108;36;0;0
36;81;-45;0;0
7;119;-112;1;312
200;93;107;1;91
198;111;87;1;117
204;102;102;1;104
206;45;161;1;39
161;88;73;0;0
73;94;-21;0;0
18;115;-97;1;299
202;124;78;1;117
195;94;101;1;104
205;41;164;1;39
203;120;83;1;117
83;128;-45;0;0
-45;101;-146;0;0
-29;92;-121;1;325
204;73;131;1;65
196;120;76;1;130
206;65;141;1;65
206;89;117;1;78
117;91;26;0;0
26;97;-71;0;0
7;115;-108;1;312
204;111;93;1;104
197;128;69;1;130
199;107;92;1;104
196;92;104;1;91
104;67;37;0;0
37;65;-28;0;0
63;94;-31;1;234
203;128;75;1;130
205;108;97;1;104
201;116;85;1;117
202;140;62;1;143
62;95;-33;0;0
-33;103;-136;0;0
7;126;-119;1;325
206;89;117;1;78
195;126;69;1;130
199;115;84;1;117
201;144;57;1;143
57;73;-16;0;0
-16;117;-133;0;0
10;157;-147;1;351
204;115;89;1;117
206;110;96;1;104
200;138;62;1;143
205;105;100;1;104
100;92;8;0;0
8;115;-107;0;0
-3;121;-124;1;325
201;98;103;1;104
207;95;112;1;91
203;110;93;1;104
197;116;81;1;117
81;92;-11;0;0
-11;108;-119;0;0
-2;108;-110;1;312
202;74;128;1;78
206;93;113;1;91
204;105;99;1;104
203;79;124;1;78
124;90;34;0;0
34;114;-80;0;0
-2;88;-90;1;286
196;125;71;1;130
201;72;129;1;78
207;109;98;1;104
202;123;79;1;117
79;63;16;0;0
16;133;-117;0;0
0;110;-110;1;312
202;60;142;1;65
207;99;108;1;91
199;83;116;1;91
207;88;119;1;78
119;68;51;0;0
51;121;-70;0;0
8;64;-56;1;260
204;96;108;1;91
199;75;124;1;78
202;111;91;1;104
195;93;102;1;104
102;115;-13;0;0
-13;73;-86;0;0
18;49;-31;1;234
203;86;117;1;78
195;126;69;1;130
199;128;71;1;130
201;92;109;1;91
109;92;17;0;0
17;105;-88;0;0
3;111;-108;1;312
204;93;111;1;91
202;116;86;1;117
203;111;92;1;104
196;94;102;1;104
102;82;20;0;0
20;139;-119;0;0
-15;142;-157;1;364
207;70;137;1;65
202;83;119;1;78
197;73;124;1;78
202;90;112;1;91
112;96;16;0;0
16;74;-58;0;0
33;99;-66;1;273
207;118;89;1;117
206;66;140;1;65
205;93;112;1;91
203;78;125;1;78
125;112;13;0;0
13;71;-58;0;0
20;84;-64;1;260
196;132;64;1;143
207;112;95;1;104
199;64;135;1;65
200;101;99;1;104
99;109;-10;0;0
-10;120;-130;0;0
-26;81;-107;1;312
205;110;95;1;104
199;103;96;1;104
200;97;103;1;104
207;86;121;1;78
121;129;-8;0;0
-8;120;-128;0;0
-50;105;-155;1;351
196;108;88;1;117
205;135;70;1;130
200;103;97;1;104
201;127;74;1;130
74;104;-30;0;0
-30;77;-107;0;0
23;106;-83;1;286
203;74;129;1;78
207;69;138;1;65
203;109;94;1;104
198;120;78;1;117
78;75;3;0;0
3;49;-46;0;0
71;101;-30;1;234
204;127;77;1;130
207;123;84;1;117
201;110;91;1;104
195;142;53;1;143
53;96;-43;0;0
-43;65;-108;0;0
35;115;-80;1;286
206;77;129;1;78
207;99;108;1;91
199;101;98;1;104
202;134;68;1;130
68;86;-18;0;0
-18;124;-142;0;0
-12;129;-141;1;338
197;88;109;1;91
200;90;110;1;91
201;90;111;1;91
202;128;74;1;130
74;121;-47;0;0
-47;110;-157;0;0
-27;108;-135;1;338
203;80;123;1;78
201;93;108;1;91
199;77;122;1;78
200;103;97;1;104
97;101;-4;0;0
-4;135;-139;0;0
-35;87;-122;1;325
203;67;136;1;65
201;78;123;1;78
201;129;72;1;130
202;84;118;1;78
118;95;23;0;0
23;111;-88;0;0
-10;102;-112;1;312
200;84;116;1;91
207;113;94;1;104
198;113;85;1;117
202;97;105;1;91
105;89;16;0;0
16;114;-98;0;0
-7;97;-104;1;299
195;103;92;1;104
196;115;81;1;117
198;113;85;1;117
202;90;112;1;91
112;81;31;0;0
31;87;-56;0;0
35;63;-28;1;234
206;115;91;1;104
195;107;88;1;117
205;82;123;1;78
201;108;93;1;104
93;89;4;0;0
4;123;-119;0;0
-15;77;-92;1;299
207;111;96;1;104
200;111;89;1;117
206;101;105;1;91
196;139;57;1;143
57;93;-36;0;0
-36;140;-176;0;0
-33;139;-172;1;377
205;91;114;1;91
205;86;119;1;78
197;116;81;1;117
198;120;78;1;117
78;94;-16;0;0
-16;76;-92;0;0
25;66;-41;1;247
206;85;121;1;78
199;51;148;1;52
200;98;102;1;104
206;31;175;1;26
175;117;58;0;0
58;131;-73;0;0
-47;130;-177;1;377
200;103;97;1;104
201;99;102;1;104
206;132;74;1;130
204;87;117;1;78
117;84;33;0;0
33;70;-37;0;0
41;90;-49;1;247
198;116;82;1;117
199;122;77;1;130
207;55;152;1;52
204;115;89;1;117
89;93;-4;0;0
-4;103;-107;0;0
10;83;-73;1;273
200;91;109;1;91
200;91;109;1;91
200;88;112;1;91
203;126;77;1;130
77;95;-18;0;0
-18;117;-135;0;0
-5;87;-92;1;299
207;85;122;1;78
200;89;111;1;91
202;110;92;1;104
196;81;115;1;91
115;94;21;0;0
21;103;-82;0;0
9;118;-109;1;312
203;106;97;1;104
201;82;119;1;78
197;106;91;1;104
195;123;72;1;130
72;85;-13;0;0
-13;107;-120;0;0
10;97;-87;1;286
199;100;99;1;104
203;132;71;1;130
201;106;95;1;104
199;88;111;1;91
111;145;-34;0;0
-34;115;-149;0;0
-58;116;-174;1;377
203;158;45;1;156
201;74;127;1;78
205;115;90;1;117
207;59;148;1;52
148;94;54;0;0
54;92;-38;0;0
14;122;-108;1;312
204;91;113;1;91
204;118;86;1;117
203;59;144;1;52
196;72;124;1;78
124;127;-3;0;0
-3;120;-123;0;0
-45;127;-172;1;377
205;96;109;1;91
200;80;120;1;78
198;113;85;1;117
202;117;85;1;117
85;109;-24;0;0
-24;65;-89;0;0
28;95;-67;1;273
206;102;104;1;91
195;122;73;1;130
203;105;98;1;104
202;100;102;1;104
102;103;-1;0;0
-1;98;-99;0;0
5;115;-110;1;312
202;125;77;1;130
207;106;101;1;104
205;74;131;1;65
196;95;101;1;104
101;92;9;0;0
9;112;-103;0;0
1;111;-110;1;312
202;97;105;1;91
196;81;115;1;91
206;83;123;1;78
201;131;70;1;130
70;120;-50;0;0
-50;91;-141;0;0
-11;104;-115;1;312
197;106;91;1;104
195;112;83;1;117
200;80;120;1;78
198;96;102;1;104
102;94;8;0;0
8;119;-111;0;0
-7;93;-100;1;299
199;80;119;1;78
197;89;108;1;91
199;76;123;1;78
201;89;112;1;91
112;55;57;0;0
57;49;8;0;0
99;107;-8;1;208
200;140;60;1;143
203;108;95;1;104
199;108;91;1;104
195;103;92;1;104
92;82;10;0;0
10;131;-121;0;0
-17;133;-150;1;351
201;118;83;1;117
200;86;114;1;91
205;108;97;1;104
201;108;93;1;104
93;91;2;0;0
2;111;-109;0;0
-5;92;-97;1;299
202;85;117;1;78
195;123;72;1;130
202;88;114;1;91
205;92;113;1;91
113;51;62;0;0
62;122;-60;0;0
31;104;-73;1;273
200;97;103;1;104
207;85;122;1;78
200;122;78;1;117
195;96;99;1;104
99;71;28;0;0
28;103;-75;0;0
29;122;-93;1;299
206;79;127;1;78
205;121;84;1;117
201;126;75;1;130
205;101;104;1;91
104;128;-24;0;0
-24;149;-173;0;0
-82;97;-179;1;377
198;104;94;1;104
198;63;135;1;65
200;96;104;1;91
195;107;88;1;117
88;128;-40;0;0
-40;101;-141;0;0
-24;107;-131;1;338
207;101;106;1;91
197;76;121;1;78
199;66;133;1;65
198;108;90;1;117
90;72;18;0;0
18;100;-82;0;0
35;83;-48;1;247
199;111;88;1;117
205;82;123;1;78
201;100;101;1;104
205;110;95;1;104
95;132;-37;0;0
-37;135;-172;0;0
-68;110;-178;1;377
199;130;69;1;130
199;131;68;1;130
198;77;121;1;78
199;117;82;1;117
82;91;-9;0;0
-9;101;-110;0;0
7;101;-94;1;299
205;127;78;1;117
195;103;92;1;104
196;89;107;1;91
198;95;103;1;104
103;109;-6;0;0
-6;85;-91;0;0
13;90;-77;1;273
196;105;91;1;104
195;98;97;1;104
201;55;146;1;52
198;68;130;1;65
130;72;58;0;0
58;82;-24;0;0
41;109;-68;1;273
205;130;75;1;130
205;78;127;1;78
205;103;102;1;104
206;111;95;1;104
95;72;23;0;0
23;85;-62;0;0
42;79;-37;1;234
197;106;91;1;104
195;80;115;1;91
206;101;105;1;91
196;105;91;1;104
91;86;5;0;0
5;121;-116;0;0
-12;73;-85;1;286
201;72;129;1;78
207;144;63;1;143
206;115;91;1;104
195;139;56;1;143
56;104;-48;0;0
-48;99;-147;0;0
-4;104;-108;1;312
204;106;98;1;104
202;112;90;1;117
207;67;140;1;65
205;89;116;1;91
116;121;-5;0;0
-5;110;-115;0;0
-24;98;-122;1;325
203;82;121;1;78
199;133;66;1;130
196;70;126;1;78
204;62;142;1;65
142;136;6;0;0
6;130;-124;0;0
-59;107;-166;1;364
198;116;82;1;117
199;140;59;1;143
202;91;111;1;91
202;126;76;1;130
76;70;6;0;0
6;80;-74;0;0
56;100;-44;1;247
203;123;80;1;117
197;113;84;1;117
201;130;71;1;130
201;108;93;1;104
93;89;4;0;0
4;107;-103;0;0
1;100;-99;1;299
200;77;123;1;78
201;115;86;1;117
203;79;124;1;78
202;113;89;1;117
89;75;14;0;0
14;102;-88;0;0
29;119;-90;1;286
196;125;71;1;130
201;108;93;1;104
197;101;96;1;104
200;70;130;1;65
130;104;26;0;0
26;122;-96;0;0
-31;88;-119;1;325
206;121;85;1;117
202;97;105;1;91
196;100;96;1;104
200;118;82;1;117
82;90;-8;0;0
-8;68;-76;0;0
41;103;-62;1;260
198;97;101;1;104
205;148;57;1;143
200;127;73;1;130
203;128;75;1;130
75;87;-12;0;0
-12;113;-125;0;0
5;88;-83;1;286
203;99;104;1;91
195;101;94;1;104
198;99;99;1;104
203;131;72;1;130
72;110;-38;0;0
-38;31;-69;0;0
61;74;-13;1;208
195;109;86;1;117
203;111;92;1;104
196;135;61;1;143
204;125;79;1;117
79;116;-37;0;0
-37;101;-138;0;0
-21;99;-120;1;325
205;132;73;1;130
203;128;75;1;130
205;110;95;1;104
199;62;137;1;65
137;42;95;0;0
95;93;2;0;0
67;108;-41;1;247
206;86;120;1;78
198;108;90;1;117
207;115;92;1;104
196;92;104;1;91
104;79;25;0;0
25;118;-93;0;0
-2;103;-105;1;312
207;93;114;1;91
205;88;117;1;78
195;95;100;1;104
204;148;56;1;143
56;86;-30;0;0
-30;124;-154;0;0
-11;89;-100;1;299
199;90;109;1;91
200;126;74;1;130
204;84;120;1;78
198;127;71;1;130
71;75;-4;0;0
-4;120;-124;0;0
6;92;-86;1;286
200;59;141;1;65
206;85;121;1;78
199;65;134;1;65
199;139;60;1;143
60;109;-49;0;0
-49;104;-153;0;0
-10;92;-102;1;299
197;107;90;1;117
207;105;102;1;104
206;135;71;1;130
201;123;78;1;117
78;144;-66;0;0
-66;106;-172;0;0
-55;63;-118;1;325
207;115;92;1;104
196;80;116;1;91
207;69;138;1;65
203;107;96;1;104
96;130;-34;0;0
-34;137;-171;0;0
-67;136;-203;1;403
200;68;132;1;65
197;96;101;1;104
205;139;66;1;130
196;88;108;1;91
108;76;32;0;0
32;143;-111;0;0
-20;106;-126;1;325
199;51;148;1;52
200;117;83;1;117
200;107;93;1;104
197;107;90;1;117
90;77;13;0;0
13;83;-70;0;0
47;94;-47;1;247
200;160;40;1;156
196;126;70;1;130
200;90;110;1;91
201;80;121;1;78
121;105;16;0;0
16;104;-88;0;0
-10;86;-96;1;299
203;128;75;1;130
205;101;104;1;91
195;67;128;1;78
206;84;122;1;78
122;86;36;0;0
36;99;-63;0;0
15;108;-93;1;299
206;92;114;1;91
205;87;118;1;78
196;115;81;1;117
198;92;106;1;91
106;102;4;0;0
4;135;-131;0;0
-40;125;-165;1;364
199;111;88;1;117
205;65;140;1;65
205;97;108;1;91
199;101;98;1;104
98;72;26;0;0
26;132;-106;0;0
-2;90;-92;1;299
207;110;97;1;104
201;100;101;1;104
205;125;80;1;117
197;104;93;1;104
93;124;-31;0;0
-31;98;-129;0;0
-25;82;-107;1;312
205;109;96;1;104
200;87;113;1;91
204;116;88;1;117
205;54;151;1;52
151;84;67;0;0
67;88;-21;0;0
31;117;-86;1;286
200;81;119;1;78
197;98;99;1;104
203;121;82;1;117
199;134;65;1;130
65;81;-16;0;0
-16;98;-114;0;0
16;102;-86;1;286
200;97;103;1;104
207;98;109;1;91
200;114;86;1;117
203;99;104;1;91
104;150;-46;0;0
-46;131;-177;0;0
-86;86;-172;1;377
205;123;82;1;117
199;103;96;1;104
200;109;91;1;104
195;89;106;1;91
106;99;7;0;0
7;131;-124;0;0
-33;119;-152;1;351
199;120;79;1;117
196;107;89;1;117
206;108;98;1;104
202;130;72;1;130
72;129;-57;0;0
-57;87;-144;0;0
-14;83;-97;1;299
202;94;108;1;91
199;93;106;1;91
197;118;79;1;117
196;105;91;1;104
91;115;-24;0;0
-24;71;-95;0;0
9;103;-94;1;299
205;89;116;1;91
207;103;104;1;91
195;77;118;1;78
196;64;132;1;65
132;119;13;0;0
13;98;-85;0;0
-20;109;-129;1;325
196;106;90;1;117
207;86;121;1;78
199;93;106;1;91
197;107;90;1;117
90;86;4;0;0
4;69;-65;0;0
52;118;-66;1;273
207;122;85;1;117
202;33;169;1;26
195;118;77;1;130
207;24;183;0;0
183;152;31;1;169
31;120;-89;0;0
-89;125;-214;0;0
-45;129;-174;1;377
203;101;102;1;104
206;103;103;1;104
207;109;98;1;104
98;120;-22;0;0
-22;122;-144;0;0
-40;73;-113;1;312
199;104;95;1;104
199;127;72;1;130
202;156;46;1;156
202;69;133;1;65
133;109;24;0;0
24;86;-62;0;0
3;55;-52;1;247
195;106;89;1;117
206;114;92;1;104
196;97;99;1;104
203;102;101;1;104
101;79;22;0;0
22;71;-49;0;0
55;131;-76;1;273
197;153;44;1;156
200;116;84;1;117
201;111;90;1;117
207;92;115;1;91
115;86;29;0;0
29;87;-58;0;0
33;90;-57;1;260
203;93;110;1;91
201;76;125;1;78
203;107;96;1;104
200;86;114;1;91
114;65;49;0;0
49;102;-53;0;0
38;119;-81;1;286
205;110;95;1;104
199;109;90;1;117
207;105;102;1;104
206;91;115;1;91
115;71;44;0;0
44;119;-75;0;0
16;119;-103;1;299
196;111;85;1;117
202;87;115;1;91
206;118;88;1;117
205;94;111;1;91
111;87;24;0;0
24;129;-105;0;0
-14;104;-118;1;325
207;87;120;1;78
198;94;104;1;91
195;74;121;1;78
199;137;62;1;143
62;74;-12;0;0
-12;94;-106;0;0
37;71;-34;1;234
200;121;79;1;117
196;93;103;1;104
207;104;103;1;104
207;88;119;1;78
119;100;19;0;0
19;87;-68;0;0
10;146;-136;1;338
202;109;93;1;104
197;98;99;1;104
203;127;76;1;130
206;122;84;1;117
84;85;-1;0;0
-1;78;-79;0;0
38;106;-68;1;273
205;96;109;1;91
200;150;50;1;156
206;121;85;1;117
202;125;77;1;130
77;83;-6;0;0
-6;56;-62;0;0
68;89;-21;1;221
200;86;114;1;91
205;82;123;1;78
201;130;71;1;130
201;108;93;1;104
93;88;5;0;0
5;102;-97;0;0
7;70;-63;1;260
197;69;128;1;78
206;63;143;1;52
195;96;99;1;104
203;90;113;1;91
113;103;10;0;0
10;92;-82;0;0
9;95;-86;1;286
200;82;118;1;78
196;135;61;1;143
204;89;115;1;91
